player1(80,81,)
mapBound(3200,800,)
(0,0,5,0,0,)
(1,0,5,0,0,)
(2,0,5,0,0,)
(3,0,5,0,0,)
(4,0,5,0,0,)
(5,0,5,0,0,)
(6,0,5,0,0,)
(7,0,5,0,0,)
(8,0,5,0,0,)
(9,0,5,0,0,)
(10,0,5,0,0,)
(11,0,5,0,0,)
(12,0,5,0,0,)
(13,0,5,0,0,)
(14,0,5,0,0,)
(15,0,5,0,0,)
(16,0,5,0,0,)
(17,0,5,0,0,)
(18,0,5,0,0,)
(19,0,5,0,0,)
(20,0,5,0,0,)
(21,0,5,0,0,)
(22,0,5,0,0,)
(23,0,5,0,0,)
(24,0,5,0,0,)
(25,0,5,0,0,)
(26,0,5,0,0,)
(27,0,5,0,0,)
(28,0,5,0,0,)
(29,0,5,0,0,)
(30,0,5,0,0,)
(31,0,5,0,0,)
(32,0,5,0,0,)
(33,0,5,0,0,)
(34,0,5,0,0,)
(35,0,5,0,0,)
(36,0,5,0,0,)
(37,0,5,0,0,)
(38,0,5,0,0,)
(39,0,5,0,0,)
(40,0,5,0,0,)
(41,0,5,0,0,)
(42,0,5,0,0,)
(43,0,5,0,0,)
(44,0,5,0,0,)
(45,0,5,0,0,)
(46,0,5,0,0,)
(47,0,5,0,0,)
(48,0,5,0,0,)
(49,0,5,0,0,)
(0,1,20,0,0,)
(1,1,34,0,0,)
(2,1,34,0,0,)
(3,1,34,0,0,)
(4,1,34,0,0,)
(5,1,34,0,0,)
(6,1,20,0,0,)
(7,1,34,0,0,)
(8,1,34,0,0,)
(9,1,34,0,0,)
(10,1,34,0,0,)
(11,1,34,0,0,)
(12,1,34,0,0,)
(13,1,34,0,0,)
(14,1,34,0,0,)
(15,1,34,0,0,)
(16,1,34,0,0,)
(17,1,20,0,0,)
(18,1,34,0,0,)
(19,1,34,0,0,)
(20,1,34,0,0,)
(21,1,34,0,0,)
(22,1,34,0,0,)
(23,1,34,24,0,)
(24,1,34,0,0,)
(25,1,34,0,0,)
(26,1,34,0,0,)
(27,1,34,0,0,)
(28,1,34,0,0,)
(29,1,34,0,0,)
(30,1,34,0,0,)
(31,1,34,24,0,)
(32,1,34,0,0,)
(33,1,34,0,0,)
(34,1,34,0,0,)
(35,1,34,0,0,)
(36,1,34,0,0,)
(37,1,34,0,0,)
(38,1,34,0,0,)
(39,1,34,0,0,)
(40,1,34,15,0,)
(41,1,34,0,0,)
(42,1,34,0,0,)
(43,1,34,0,0,)
(44,1,34,0,0,)
(45,1,34,15,0,)
(46,1,34,0,0,)
(47,1,34,0,0,)
(48,1,34,24,0,)
(49,1,34,0,0,)
(0,2,20,0,0,)
(1,2,34,24,0,)
(2,2,34,0,0,)
(3,2,34,24,0,)
(4,2,34,0,0,)
(5,2,34,0,0,)
(6,2,34,0,0,)
(7,2,5,0,0,)
(8,2,34,0,0,)
(9,2,34,24,0,)
(10,2,34,2,0,)
(11,2,34,26,0,)
(12,2,34,0,0,)
(13,2,34,0,0,)
(14,2,34,0,0,)
(15,2,34,0,0,)
(16,2,34,0,0,)
(17,2,20,0,0,)
(18,2,34,0,0,)
(19,2,34,0,0,)
(20,2,34,0,0,)
(21,2,34,0,0,)
(22,2,34,0,0,)
(23,2,34,0,0,)
(24,2,34,0,0,)
(25,2,34,0,0,)
(26,2,34,0,0,)
(27,2,34,0,0,)
(28,2,34,0,0,)
(29,2,34,0,0,)
(30,2,34,0,0,)
(31,2,34,0,0,)
(32,2,34,0,0,)
(33,2,34,0,0,)
(34,2,34,0,0,)
(35,2,34,0,0,)
(36,2,34,0,0,)
(37,2,34,24,0,)
(38,2,34,1,0,)
(39,2,34,24,0,)
(40,2,34,13,0,)
(41,2,34,0,0,)
(42,2,34,0,0,)
(43,2,34,0,0,)
(44,2,34,0,0,)
(45,2,34,13,0,)
(46,2,34,0,0,)
(47,2,34,0,0,)
(48,2,34,25,0,)
(49,2,34,0,0,)
(0,3,20,0,0,)
(1,3,5,0,0,)
(2,3,5,0,0,)
(3,3,5,0,0,)
(4,3,34,0,0,)
(5,3,34,0,0,)
(6,3,34,0,0,)
(7,3,34,0,0,)
(8,3,5,0,0,)
(9,3,5,0,0,)
(10,3,5,0,0,)
(11,3,5,0,0,)
(12,3,5,0,0,)
(13,3,5,0,0,)
(14,3,5,0,0,)
(15,3,34,0,0,)
(16,3,34,0,0,)
(17,3,20,0,0,)
(18,3,34,0,0,)
(19,3,34,0,0,)
(20,3,34,0,0,)
(21,3,34,0,0,)
(22,3,34,0,0,)
(23,3,34,26,0,)
(24,3,34,0,0,)
(25,3,34,0,0,)
(26,3,34,0,0,)
(27,3,34,0,0,)
(28,3,34,0,0,)
(29,3,34,0,0,)
(30,3,34,0,0,)
(31,3,34,26,0,)
(32,3,34,0,0,)
(33,3,34,0,0,)
(34,3,34,0,0,)
(35,3,34,0,0,)
(36,3,34,0,0,)
(37,3,13,0,0,)
(38,3,14,0,0,)
(39,3,14,0,0,)
(40,3,15,0,0,)
(41,3,34,0,0,)
(42,3,34,0,0,)
(43,3,34,0,0,)
(44,3,23,0,0,)
(45,3,5,0,0,)
(46,3,14,0,0,)
(47,3,14,0,0,)
(48,3,14,0,0,)
(49,3,14,0,0,)
(0,4,0,0,0,)
(1,4,0,0,0,)
(2,4,0,0,0,)
(3,4,0,0,0,)
(4,4,5,0,0,)
(5,4,34,0,0,)
(6,4,34,0,0,)
(7,4,34,0,0,)
(8,4,34,0,0,)
(9,4,34,0,0,)
(10,4,34,0,0,)
(11,4,34,0,0,)
(12,4,34,0,0,)
(13,4,34,0,0,)
(14,4,34,0,0,)
(15,4,34,0,0,)
(16,4,23,0,0,)
(17,4,20,0,0,)
(18,4,34,0,0,)
(19,4,34,0,0,)
(20,4,34,0,0,)
(21,4,34,0,0,)
(22,4,34,0,0,)
(23,4,5,0,0,)
(24,4,34,0,0,)
(25,4,34,0,0,)
(26,4,34,0,0,)
(27,4,34,0,0,)
(28,4,34,0,0,)
(29,4,34,0,0,)
(30,4,34,0,0,)
(31,4,5,0,0,)
(32,4,34,0,0,)
(33,4,34,0,0,)
(34,4,34,0,0,)
(35,4,34,0,0,)
(36,4,34,0,0,)
(37,4,34,0,0,)
(38,4,34,0,0,)
(39,4,34,0,0,)
(40,4,34,0,0,)
(41,4,34,0,0,)
(42,4,34,24,0,)
(43,4,34,0,0,)
(44,4,34,0,0,)
(45,4,34,0,0,)
(46,4,34,0,0,)
(47,4,34,0,0,)
(48,4,34,0,0,)
(49,4,34,0,0,)
(0,5,0,0,0,)
(1,5,0,0,0,)
(2,5,0,0,0,)
(3,5,0,0,0,)
(4,5,0,0,0,)
(5,5,5,0,0,)
(6,5,34,0,0,)
(7,5,34,0,0,)
(8,5,34,0,0,)
(9,5,34,0,0,)
(10,5,34,0,0,)
(11,5,34,0,0,)
(12,5,34,0,0,)
(13,5,34,0,0,)
(14,5,34,0,0,)
(15,5,34,0,0,)
(16,5,34,0,0,)
(17,5,34,0,0,)
(18,5,34,0,0,)
(19,5,34,0,0,)
(20,5,34,0,0,)
(21,5,34,0,0,)
(22,5,5,0,0,)
(23,5,0,15,0,)
(24,5,5,0,0,)
(25,5,34,0,0,)
(26,5,34,0,0,)
(27,5,34,0,0,)
(28,5,34,0,0,)
(29,5,34,0,0,)
(30,5,5,0,0,)
(31,5,0,0,0,)
(32,5,5,0,0,)
(33,5,34,0,0,)
(34,5,34,0,0,)
(35,5,34,0,0,)
(36,5,34,0,0,)
(37,5,34,0,0,)
(38,5,34,0,0,)
(39,5,34,0,0,)
(40,5,34,0,0,)
(41,5,34,0,0,)
(42,5,34,0,0,)
(43,5,34,0,0,)
(44,5,34,0,0,)
(45,5,34,0,0,)
(46,5,34,0,0,)
(47,5,34,0,0,)
(48,5,34,0,0,)
(49,5,34,0,0,)
(0,6,0,0,0,)
(1,6,0,0,0,)
(2,6,0,0,0,)
(3,6,0,0,0,)
(4,6,0,0,0,)
(5,6,0,0,0,)
(6,6,5,0,0,)
(7,6,34,0,0,)
(8,6,34,0,0,)
(9,6,34,25,0,)
(10,6,34,25,0,)
(11,6,34,0,0,)
(12,6,34,0,0,)
(13,6,34,26,0,)
(14,6,34,0,0,)
(15,6,34,10,0,)
(16,6,34,0,0,)
(17,6,34,0,0,)
(18,6,34,0,0,)
(19,6,34,0,0,)
(20,6,34,26,0,)
(21,6,5,0,0,)
(22,6,0,0,0,)
(23,6,0,14,0,)
(24,6,0,0,0,)
(25,6,5,0,0,)
(26,6,34,26,0,)
(27,6,34,24,0,)
(28,6,34,26,0,)
(29,6,5,0,0,)
(30,6,0,15,0,)
(31,6,0,0,0,)
(32,6,0,15,0,)
(33,6,5,0,0,)
(34,6,34,26,0,)
(35,6,34,0,0,)
(36,6,34,0,0,)
(37,6,34,0,0,)
(38,6,34,0,0,)
(39,6,34,24,0,)
(40,6,34,0,0,)
(41,6,34,0,0,)
(42,6,34,26,0,)
(43,6,34,0,0,)
(44,6,34,0,0,)
(45,6,34,0,0,)
(46,6,34,0,0,)
(47,6,34,0,0,)
(48,6,34,0,0,)
(49,6,34,0,0,)
(0,7,34,0,0,)
(1,7,4,0,0,)
(2,7,29,0,0,)
(3,7,0,0,0,)
(4,7,0,0,0,)
(5,7,0,0,0,)
(6,7,0,0,0,)
(7,7,5,0,0,)
(8,7,5,0,0,)
(9,7,5,0,0,)
(10,7,5,0,0,)
(11,7,5,0,0,)
(12,7,5,0,0,)
(13,7,5,0,0,)
(14,7,5,0,0,)
(15,7,5,0,0,)
(16,7,5,0,0,)
(17,7,5,0,0,)
(18,7,5,0,0,)
(19,7,5,0,0,)
(20,7,5,0,0,)
(21,7,0,0,0,)
(22,7,0,0,0,)
(23,7,0,14,0,)
(24,7,0,0,0,)
(25,7,0,0,0,)
(26,7,5,0,0,)
(27,7,5,0,0,)
(28,7,5,0,0,)
(29,7,0,0,0,)
(30,7,0,14,0,)
(31,7,0,0,0,)
(32,7,0,14,0,)
(33,7,0,0,0,)
(34,7,5,0,0,)
(35,7,5,0,0,)
(36,7,5,0,0,)
(37,7,34,0,0,)
(38,7,34,0,0,)
(39,7,34,0,0,)
(40,7,34,0,0,)
(41,7,34,0,0,)
(42,7,5,0,0,)
(43,7,34,0,0,)
(44,7,34,0,0,)
(45,7,34,0,0,)
(46,7,34,0,0,)
(47,7,34,0,0,)
(48,7,34,24,0,)
(49,7,34,0,0,)
(0,8,34,0,0,)
(1,8,20,0,0,)
(2,8,20,0,0,)
(3,8,30,0,0,)
(4,8,0,0,0,)
(5,8,0,0,0,)
(6,8,0,0,0,)
(7,8,0,0,0,)
(8,8,0,0,0,)
(9,8,0,0,0,)
(10,8,0,0,0,)
(11,8,0,0,0,)
(12,8,0,0,0,)
(13,8,0,0,0,)
(14,8,0,0,0,)
(15,8,0,15,0,)
(16,8,0,0,0,)
(17,8,0,0,0,)
(18,8,0,0,0,)
(19,8,0,0,0,)
(20,8,0,15,0,)
(21,8,0,0,0,)
(22,8,0,0,0,)
(23,8,0,14,0,)
(24,8,0,0,0,)
(25,8,0,0,0,)
(26,8,0,15,0,)
(27,8,0,0,0,)
(28,8,0,0,0,)
(29,8,0,0,0,)
(30,8,0,14,0,)
(31,8,0,0,0,)
(32,8,0,14,0,)
(33,8,0,0,0,)
(34,8,0,0,0,)
(35,8,0,15,0,)
(36,8,0,0,0,)
(37,8,5,0,0,)
(38,8,34,0,0,)
(39,8,34,0,0,)
(40,8,34,0,0,)
(41,8,5,0,0,)
(42,8,0,0,0,)
(43,8,5,0,0,)
(44,8,34,0,0,)
(45,8,34,0,0,)
(46,8,34,0,0,)
(47,8,34,0,0,)
(48,8,34,0,0,)
(49,8,34,0,0,)
(0,9,34,0,0,)
(1,9,34,15,0,)
(2,9,20,0,0,)
(3,9,20,0,0,)
(4,9,30,0,0,)
(5,9,0,0,0,)
(6,9,0,0,0,)
(7,9,0,0,0,)
(8,9,0,0,0,)
(9,9,0,0,0,)
(10,9,0,0,0,)
(11,9,0,0,0,)
(12,9,0,0,0,)
(13,9,0,0,0,)
(14,9,0,0,0,)
(15,9,0,14,0,)
(16,9,0,0,0,)
(17,9,0,0,0,)
(18,9,0,0,0,)
(19,9,0,0,0,)
(20,9,0,14,0,)
(21,9,0,0,0,)
(22,9,0,0,0,)
(23,9,0,14,0,)
(24,9,0,0,0,)
(25,9,0,0,0,)
(26,9,0,14,0,)
(27,9,0,0,0,)
(28,9,0,0,0,)
(29,9,0,0,0,)
(30,9,0,14,0,)
(31,9,0,0,0,)
(32,9,0,14,0,)
(33,9,0,0,0,)
(34,9,0,0,0,)
(35,9,0,14,0,)
(36,9,0,0,0,)
(37,9,0,15,0,)
(38,9,5,0,0,)
(39,9,34,26,0,)
(40,9,5,0,0,)
(41,9,0,0,0,)
(42,9,0,0,0,)
(43,9,0,0,0,)
(44,9,5,0,0,)
(45,9,34,0,0,)
(46,9,34,0,0,)
(47,9,34,26,0,)
(48,9,34,26,0,)
(49,9,34,0,0,)
(0,10,34,0,0,)
(1,10,34,14,0,)
(2,10,20,0,0,)
(3,10,20,0,0,)
(4,10,20,0,0,)
(5,10,30,0,0,)
(6,10,0,0,0,)
(7,10,0,0,0,)
(8,10,0,0,0,)
(9,10,0,0,0,)
(10,10,0,0,0,)
(11,10,0,0,0,)
(12,10,0,0,0,)
(13,10,0,0,0,)
(14,10,0,0,0,)
(15,10,0,14,0,)
(16,10,0,0,0,)
(17,10,0,0,0,)
(18,10,0,0,0,)
(19,10,0,0,0,)
(20,10,0,14,0,)
(21,10,0,0,0,)
(22,10,0,0,0,)
(23,10,0,14,0,)
(24,10,0,0,0,)
(25,10,0,0,0,)
(26,10,0,14,0,)
(27,10,0,0,0,)
(28,10,0,0,0,)
(29,10,0,0,0,)
(30,10,0,14,0,)
(31,10,0,0,0,)
(32,10,0,14,0,)
(33,10,0,0,0,)
(34,10,0,0,0,)
(35,10,0,14,0,)
(36,10,0,0,0,)
(37,10,0,14,0,)
(38,10,0,0,0,)
(39,10,5,0,0,)
(40,10,0,0,0,)
(41,10,0,0,0,)
(42,10,0,0,0,)
(43,10,0,0,0,)
(44,10,0,0,0,)
(45,10,5,0,0,)
(46,10,5,0,0,)
(47,10,5,0,0,)
(48,10,5,0,0,)
(49,10,5,0,0,)
(0,11,34,0,0,)
(1,11,34,14,0,)
(2,11,20,0,0,)
(3,11,20,0,0,)
(4,11,20,0,0,)
(5,11,20,0,0,)
(6,11,30,0,0,)
(7,11,0,0,0,)
(8,11,0,0,0,)
(9,11,0,0,0,)
(10,11,0,0,0,)
(11,11,0,0,0,)
(12,11,0,0,0,)
(13,11,0,0,0,)
(14,11,0,0,0,)
(15,11,0,14,0,)
(16,11,0,0,0,)
(17,11,0,0,0,)
(18,11,0,0,0,)
(19,11,0,0,0,)
(20,11,0,14,0,)
(21,11,0,0,0,)
(22,11,0,0,0,)
(23,11,0,14,0,)
(24,11,0,0,0,)
(25,11,0,0,0,)
(26,11,0,14,0,)
(27,11,0,0,0,)
(28,11,0,0,0,)
(29,11,0,0,0,)
(30,11,0,14,0,)
(31,11,0,0,0,)
(32,11,0,14,0,)
(33,11,0,0,0,)
(34,11,0,0,0,)
(35,11,0,14,0,)
(36,11,0,0,0,)
(37,11,0,14,0,)
(38,11,0,0,0,)
(39,11,0,15,0,)
(40,11,0,0,0,)
(41,11,0,0,0,)
(42,11,0,0,0,)
(43,11,0,0,0,)
(44,11,0,0,0,)
(45,11,0,0,0,)
(46,11,0,0,0,)
(47,11,0,0,0,)
(48,11,0,0,0,)
(49,11,0,0,0,)
(0,12,34,0,0,)
(1,12,34,14,0,)
(2,12,20,0,0,)
(3,12,20,0,0,)
(4,12,20,0,0,)
(5,12,20,0,0,)
(6,12,20,0,0,)
(7,12,30,0,0,)
(8,12,0,0,0,)
(9,12,0,0,0,)
(10,12,0,0,0,)
(11,12,0,0,0,)
(12,12,0,0,0,)
(13,12,0,0,0,)
(14,12,0,0,0,)
(15,12,0,14,0,)
(16,12,0,0,0,)
(17,12,0,0,0,)
(18,12,0,0,0,)
(19,12,0,0,0,)
(20,12,0,14,0,)
(21,12,0,0,0,)
(22,12,0,0,0,)
(23,12,0,14,0,)
(24,12,0,0,0,)
(25,12,0,0,0,)
(26,12,0,14,0,)
(27,12,0,0,0,)
(28,12,0,0,0,)
(29,12,0,0,0,)
(30,12,0,14,0,)
(31,12,0,0,0,)
(32,12,0,14,0,)
(33,12,0,0,0,)
(34,12,0,0,0,)
(35,12,0,14,0,)
(36,12,0,0,0,)
(37,12,0,14,0,)
(38,12,0,0,0,)
(39,12,0,14,0,)
(40,12,0,0,0,)
(41,12,0,0,0,)
(42,12,0,0,0,)
(43,12,0,0,0,)
(44,12,0,0,0,)
(45,12,0,0,0,)
(46,12,0,0,0,)
(47,12,0,0,0,)
(48,12,0,0,0,)
(49,12,0,0,0,)
(0,13,34,0,0,)
(1,13,34,14,0,)
(2,13,20,0,0,)
(3,13,20,0,0,)
(4,13,20,0,0,)
(5,13,20,0,0,)
(6,13,20,0,0,)
(7,13,20,0,0,)
(8,13,30,0,0,)
(9,13,0,0,0,)
(10,13,0,0,0,)
(11,13,0,0,0,)
(12,13,0,0,0,)
(13,13,0,0,0,)
(14,13,0,0,0,)
(15,13,0,14,0,)
(16,13,0,0,0,)
(17,13,0,0,0,)
(18,13,0,0,0,)
(19,13,0,0,0,)
(20,13,0,14,0,)
(21,13,0,0,0,)
(22,13,0,0,0,)
(23,13,0,14,0,)
(24,13,0,0,0,)
(25,13,0,0,0,)
(26,13,0,14,0,)
(27,13,0,0,0,)
(28,13,0,0,0,)
(29,13,0,0,0,)
(30,13,0,14,0,)
(31,13,0,0,0,)
(32,13,0,14,0,)
(33,13,0,0,0,)
(34,13,0,0,0,)
(35,13,0,14,0,)
(36,13,0,0,0,)
(37,13,0,14,0,)
(38,13,0,0,0,)
(39,13,0,14,0,)
(40,13,0,0,0,)
(41,13,0,0,0,)
(42,13,0,0,0,)
(43,13,0,0,0,)
(44,13,0,0,0,)
(45,13,0,0,0,)
(46,13,0,0,0,)
(47,13,0,0,0,)
(48,13,0,0,0,)
(49,13,0,0,0,)
(0,14,34,0,0,)
(1,14,34,14,0,)
(2,14,34,0,0,)
(3,14,34,0,0,)
(4,14,34,0,0,)
(5,14,34,0,0,)
(6,14,20,0,0,)
(7,14,20,0,0,)
(8,14,20,0,0,)
(9,14,27,0,0,)
(10,14,0,0,0,)
(11,14,0,0,0,)
(12,14,0,0,0,)
(13,14,0,24,0,)
(14,14,0,25,0,)
(15,14,0,13,0,)
(16,14,0,25,0,)
(17,14,0,24,0,)
(18,14,0,0,0,)
(19,14,0,0,0,)
(20,14,0,13,0,)
(21,14,0,0,0,)
(22,14,0,0,0,)
(23,14,0,13,0,)
(24,14,0,0,0,)
(25,14,0,26,0,)
(26,14,0,13,0,)
(27,14,0,0,0,)
(28,14,0,0,0,)
(29,14,0,0,0,)
(30,14,0,13,0,)
(31,14,0,0,0,)
(32,14,0,13,0,)
(33,14,0,0,0,)
(34,14,0,26,0,)
(35,14,0,13,0,)
(36,14,0,0,0,)
(37,14,0,14,0,)
(38,14,0,0,0,)
(39,14,0,13,0,)
(40,14,0,0,0,)
(41,14,0,0,0,)
(42,14,0,0,0,)
(43,14,0,0,0,)
(44,14,0,0,0,)
(45,14,0,0,0,)
(46,14,0,0,0,)
(47,14,0,0,0,)
(48,14,0,0,0,)
(49,14,0,0,0,)
(0,15,34,0,0,)
(1,15,34,14,0,)
(2,15,34,0,0,)
(3,15,34,0,0,)
(4,15,34,0,0,)
(5,15,34,0,0,)
(6,15,34,15,0,)
(7,15,34,0,0,)
(8,15,34,0,0,)
(9,15,20,0,0,)
(10,15,0,0,0,)
(11,15,0,0,0,)
(12,15,0,0,0,)
(13,15,10,0,0,)
(14,15,11,0,0,)
(15,15,11,0,0,)
(16,15,11,0,0,)
(17,15,12,0,0,)
(18,15,0,0,0,)
(19,15,0,0,0,)
(20,15,11,0,0,)
(21,15,0,0,0,)
(22,15,0,0,0,)
(23,15,11,0,0,)
(24,15,0,0,0,)
(25,15,10,0,0,)
(26,15,12,0,0,)
(27,15,0,0,0,)
(28,15,0,0,0,)
(29,15,0,0,0,)
(30,15,11,0,0,)
(31,15,0,0,0,)
(32,15,11,0,0,)
(33,15,0,0,0,)
(34,15,10,0,0,)
(35,15,12,0,0,)
(36,15,0,0,0,)
(37,15,11,0,0,)
(38,15,0,0,0,)
(39,15,11,0,0,)
(40,15,0,0,0,)
(41,15,1,0,0,)
(42,15,2,0,0,)
(43,15,28,0,0,)
(44,15,0,0,0,)
(45,15,0,0,0,)
(46,15,0,0,0,)
(47,15,0,0,0,)
(48,15,0,0,0,)
(49,15,0,0,0,)
(0,16,34,0,0,)
(1,16,34,13,0,)
(2,16,34,0,0,)
(3,16,34,0,0,)
(4,16,34,24,0,)
(5,16,34,1,0,)
(6,16,34,13,0,)
(7,16,34,24,0,)
(8,16,34,0,0,)
(9,16,20,0,0,)
(10,16,0,0,0,)
(11,16,0,0,0,)
(12,16,0,0,0,)
(13,16,0,0,0,)
(14,16,0,0,0,)
(15,16,0,0,0,)
(16,16,0,0,0,)
(17,16,0,0,0,)
(18,16,0,0,0,)
(19,16,0,0,0,)
(20,16,0,0,0,)
(21,16,0,0,0,)
(22,16,0,0,0,)
(23,16,0,0,0,)
(24,16,0,0,0,)
(25,16,0,0,0,)
(26,16,0,0,0,)
(27,16,0,0,0,)
(28,16,0,0,0,)
(29,16,0,0,0,)
(30,16,0,0,0,)
(31,16,0,0,0,)
(32,16,0,0,0,)
(33,16,0,0,0,)
(34,16,0,0,0,)
(35,16,0,0,0,)
(36,16,0,0,0,)
(37,16,0,0,0,)
(38,16,0,0,0,)
(39,16,0,0,0,)
(40,16,0,0,0,)
(41,16,20,0,0,)
(42,16,20,0,0,)
(43,16,20,0,0,)
(44,16,28,0,0,)
(45,16,0,0,0,)
(46,16,0,0,0,)
(47,16,0,0,0,)
(48,16,0,0,0,)
(49,16,0,0,0,)
(0,17,34,0,0,)
(1,17,2,0,0,)
(2,17,34,0,0,)
(3,17,34,0,0,)
(4,17,10,0,0,)
(5,17,11,0,0,)
(6,17,11,0,0,)
(7,17,12,0,0,)
(8,17,34,0,0,)
(9,17,20,0,0,)
(10,17,0,0,0,)
(11,17,0,0,0,)
(12,17,0,0,0,)
(13,17,0,0,0,)
(14,17,0,0,0,)
(15,17,0,0,0,)
(16,17,0,0,0,)
(17,17,0,0,0,)
(18,17,0,0,0,)
(19,17,0,0,0,)
(20,17,0,0,0,)
(21,17,0,0,0,)
(22,17,0,0,0,)
(23,17,0,0,0,)
(24,17,0,0,0,)
(25,17,0,0,0,)
(26,17,0,0,0,)
(27,17,0,0,0,)
(28,17,0,0,0,)
(29,17,0,0,0,)
(30,17,0,0,0,)
(31,17,0,0,0,)
(32,17,0,0,0,)
(33,17,0,0,0,)
(34,17,0,0,0,)
(35,17,0,0,0,)
(36,17,0,0,0,)
(37,17,0,0,0,)
(38,17,0,0,0,)
(39,17,0,0,0,)
(40,17,0,0,0,)
(41,17,20,0,0,)
(42,17,20,0,0,)
(43,17,20,0,0,)
(44,17,20,0,0,)
(45,17,27,0,0,)
(46,17,0,0,0,)
(47,17,0,0,0,)
(48,17,0,0,0,)
(49,17,0,0,0,)
(0,18,34,0,0,)
(1,18,20,0,0,)
(2,18,34,0,0,)
(3,18,34,0,0,)
(4,18,34,0,0,)
(5,18,34,0,0,)
(6,18,34,0,0,)
(7,18,20,0,0,)
(8,18,34,0,0,)
(9,18,20,0,0,)
(10,18,0,0,0,)
(11,18,0,0,0,)
(12,18,0,0,0,)
(13,18,0,0,0,)
(14,18,0,0,0,)
(15,18,0,0,0,)
(16,18,0,0,0,)
(17,18,0,0,0,)
(18,18,0,0,0,)
(19,18,0,0,0,)
(20,18,0,0,0,)
(21,18,0,0,0,)
(22,18,0,0,0,)
(23,18,0,0,0,)
(24,18,0,0,0,)
(25,18,0,0,0,)
(26,18,0,0,0,)
(27,18,0,0,0,)
(28,18,0,0,0,)
(29,18,0,0,0,)
(30,18,0,0,0,)
(31,18,0,0,0,)
(32,18,0,0,0,)
(33,18,0,0,0,)
(34,18,0,0,0,)
(35,18,0,0,0,)
(36,18,0,0,0,)
(37,18,0,0,0,)
(38,18,0,0,0,)
(39,18,0,0,0,)
(40,18,0,0,0,)
(41,18,20,0,0,)
(42,18,20,0,0,)
(43,18,20,0,0,)
(44,18,20,0,0,)
(45,18,20,0,0,)
(46,18,27,0,0,)
(47,18,0,0,0,)
(48,18,0,0,0,)
(49,18,0,0,0,)
(0,19,34,0,0,)
(1,19,20,0,0,)
(2,19,34,0,0,)
(3,19,34,0,0,)
(4,19,34,0,0,)
(5,19,34,0,0,)
(6,19,34,0,0,)
(7,19,20,0,0,)
(8,19,34,0,0,)
(9,19,20,0,0,)
(10,19,0,0,0,)
(11,19,0,0,0,)
(12,19,0,0,0,)
(13,19,0,0,0,)
(14,19,0,0,0,)
(15,19,0,0,0,)
(16,19,0,0,0,)
(17,19,0,0,0,)
(18,19,0,0,0,)
(19,19,0,0,0,)
(20,19,0,0,0,)
(21,19,0,0,0,)
(22,19,0,0,0,)
(23,19,0,0,0,)
(24,19,0,0,0,)
(25,19,0,0,0,)
(26,19,0,0,0,)
(27,19,0,0,0,)
(28,19,0,0,0,)
(29,19,0,0,0,)
(30,19,0,0,0,)
(31,19,0,0,0,)
(32,19,0,0,0,)
(33,19,0,0,0,)
(34,19,0,0,0,)
(35,19,0,0,0,)
(36,19,0,0,0,)
(37,19,0,0,0,)
(38,19,0,0,0,)
(39,19,0,0,0,)
(40,19,0,0,0,)
(41,19,20,0,0,)
(42,19,20,0,0,)
(43,19,20,0,0,)
(44,19,20,0,0,)
(45,19,20,0,0,)
(46,19,20,0,0,)
(47,19,27,0,0,)
(48,19,0,0,0,)
(49,19,0,0,0,)
(0,20,34,0,0,)
(1,20,20,0,0,)
(2,20,34,26,0,)
(3,20,34,26,0,)
(4,20,34,26,0,)
(5,20,34,26,0,)
(6,20,34,26,0,)
(7,20,20,0,0,)
(8,20,34,0,0,)
(9,20,20,0,0,)
(10,20,0,26,0,)
(11,20,0,26,0,)
(12,20,0,26,0,)
(13,20,0,26,0,)
(14,20,0,26,0,)
(15,20,0,26,0,)
(16,20,0,26,0,)
(17,20,0,26,0,)
(18,20,0,26,0,)
(19,20,0,26,0,)
(20,20,0,26,0,)
(21,20,0,26,0,)
(22,20,0,26,0,)
(23,20,0,26,0,)
(24,20,0,26,0,)
(25,20,0,26,0,)
(26,20,0,26,0,)
(27,20,0,26,0,)
(28,20,0,26,0,)
(29,20,0,26,0,)
(30,20,0,26,0,)
(31,20,0,26,0,)
(32,20,0,26,0,)
(33,20,0,26,0,)
(34,20,0,26,0,)
(35,20,0,26,0,)
(36,20,0,26,0,)
(37,20,0,26,0,)
(38,20,0,26,0,)
(39,20,0,26,0,)
(40,20,0,26,0,)
(41,20,20,0,0,)
(42,20,34,24,0,)
(43,20,34,0,0,)
(44,20,34,0,0,)
(45,20,34,24,0,)
(46,20,20,0,0,)
(47,20,20,0,0,)
(48,20,27,0,0,)
(49,20,0,11,0,)
(0,21,34,0,0,)
(1,21,20,0,0,)
(2,21,20,0,0,)
(3,21,20,0,0,)
(4,21,20,0,0,)
(5,21,20,0,0,)
(6,21,20,0,0,)
(7,21,20,0,0,)
(8,21,34,0,0,)
(9,21,20,0,0,)
(10,21,2,0,0,)
(11,21,2,0,0,)
(12,21,2,0,0,)
(13,21,2,0,0,)
(14,21,2,0,0,)
(15,21,2,0,0,)
(16,21,2,0,0,)
(17,21,2,0,0,)
(18,21,2,0,0,)
(19,21,2,0,0,)
(20,21,2,0,0,)
(21,21,2,0,0,)
(22,21,2,0,0,)
(23,21,2,0,0,)
(24,21,2,0,0,)
(25,21,2,0,0,)
(26,21,2,0,0,)
(27,21,2,0,0,)
(28,21,2,0,0,)
(29,21,2,0,0,)
(30,21,2,0,0,)
(31,21,2,0,0,)
(32,21,2,0,0,)
(33,21,2,0,0,)
(34,21,2,0,0,)
(35,21,2,0,0,)
(36,21,2,0,0,)
(37,21,2,0,0,)
(38,21,2,0,0,)
(39,21,2,0,0,)
(40,21,2,0,0,)
(41,21,20,0,0,)
(42,21,34,0,0,)
(43,21,34,0,0,)
(44,21,34,0,0,)
(45,21,34,0,0,)
(46,21,20,0,0,)
(47,21,20,0,0,)
(48,21,20,0,0,)
(49,21,2,0,0,)
(0,22,34,0,0,)
(1,22,34,24,0,)
(2,22,34,0,0,)
(3,22,34,0,0,)
(4,22,34,0,0,)
(5,22,34,0,0,)
(6,22,34,0,0,)
(7,22,34,24,0,)
(8,22,34,0,0,)
(9,22,34,0,0,)
(10,22,34,0,0,)
(11,22,34,0,0,)
(12,22,34,0,0,)
(13,22,34,0,0,)
(14,22,34,0,0,)
(15,22,34,0,0,)
(16,22,34,0,0,)
(17,22,34,0,0,)
(18,22,34,0,0,)
(19,22,34,0,0,)
(20,22,34,24,0,)
(21,22,34,0,0,)
(22,22,34,0,0,)
(23,22,34,0,0,)
(24,22,34,0,0,)
(25,22,34,0,0,)
(26,22,34,0,0,)
(27,22,34,0,0,)
(28,22,34,0,0,)
(29,22,34,0,0,)
(30,22,34,0,0,)
(31,22,34,0,0,)
(32,22,34,0,0,)
(33,22,34,0,0,)
(34,22,34,0,0,)
(35,22,34,0,0,)
(36,22,34,0,0,)
(37,22,34,24,0,)
(38,22,34,0,0,)
(39,22,34,0,0,)
(40,22,34,0,0,)
(41,22,34,0,0,)
(42,22,34,0,0,)
(43,22,34,0,0,)
(44,22,34,0,0,)
(45,22,34,0,0,)
(46,22,34,0,0,)
(47,22,34,0,0,)
(48,22,34,0,0,)
(49,22,34,0,0,)
(0,23,34,0,0,)
(1,23,34,0,0,)
(2,23,34,0,0,)
(3,23,34,0,0,)
(4,23,34,0,0,)
(5,23,34,0,0,)
(6,23,34,0,0,)
(7,23,34,0,0,)
(8,23,34,0,0,)
(9,23,34,0,0,)
(10,23,34,0,0,)
(11,23,34,0,0,)
(12,23,34,0,0,)
(13,23,34,0,0,)
(14,23,34,0,0,)
(15,23,34,0,0,)
(16,23,34,0,0,)
(17,23,34,0,0,)
(18,23,34,0,0,)
(19,23,34,0,0,)
(20,23,34,0,0,)
(21,23,34,0,0,)
(22,23,34,0,0,)
(23,23,34,0,0,)
(24,23,34,0,0,)
(25,23,34,0,0,)
(26,23,34,0,0,)
(27,23,34,0,0,)
(28,23,34,0,0,)
(29,23,34,0,0,)
(30,23,34,0,0,)
(31,23,34,0,0,)
(32,23,34,0,0,)
(33,23,34,0,0,)
(34,23,34,0,0,)
(35,23,34,0,0,)
(36,23,34,0,0,)
(37,23,34,0,0,)
(38,23,34,0,0,)
(39,23,34,0,0,)
(40,23,34,0,0,)
(41,23,34,0,0,)
(42,23,34,0,0,)
(43,23,34,26,0,)
(44,23,34,26,0,)
(45,23,34,0,0,)
(46,23,34,0,0,)
(47,23,34,0,0,)
(48,23,34,0,0,)
(49,23,34,0,0,)
(0,24,19,0,0,)
(1,24,19,0,0,)
(2,24,19,0,0,)
(3,24,19,0,0,)
(4,24,19,0,0,)
(5,24,19,0,0,)
(6,24,19,0,0,)
(7,24,19,0,0,)
(8,24,19,0,0,)
(9,24,19,0,0,)
(10,24,19,0,0,)
(11,24,19,0,0,)
(12,24,19,0,0,)
(13,24,19,0,0,)
(14,24,19,0,0,)
(15,24,19,0,0,)
(16,24,19,0,0,)
(17,24,19,0,0,)
(18,24,19,0,0,)
(19,24,19,0,0,)
(20,24,19,0,0,)
(21,24,19,0,0,)
(22,24,19,0,0,)
(23,24,19,0,0,)
(24,24,19,0,0,)
(25,24,19,0,0,)
(26,24,19,0,0,)
(27,24,19,0,0,)
(28,24,19,0,0,)
(29,24,19,0,0,)
(30,24,19,0,0,)
(31,24,19,0,0,)
(32,24,19,0,0,)
(33,24,19,0,0,)
(34,24,19,0,0,)
(35,24,19,0,0,)
(36,24,19,0,0,)
(37,24,19,0,0,)
(38,24,19,0,0,)
(39,24,19,0,0,)
(40,24,19,0,0,)
(41,24,19,0,0,)
(42,24,19,0,0,)
(43,24,19,0,0,)
(44,24,19,0,0,)
(45,24,19,0,0,)
(46,24,19,0,0,)
(47,24,19,0,0,)
(48,24,19,0,0,)
(49,24,19,0,0,)
endBlock
(50,0,5,0,0,)
(51,0,5,0,0,)
(52,0,5,0,0,)
(53,0,5,0,0,)
(54,0,5,0,0,)
(55,0,5,0,0,)
(56,0,5,0,0,)
(57,0,5,0,0,)
(58,0,5,0,0,)
(59,0,5,0,0,)
(60,0,5,0,0,)
(61,0,5,0,0,)
(62,0,5,0,0,)
(63,0,5,0,0,)
(64,0,5,0,0,)
(65,0,5,0,0,)
(66,0,5,0,0,)
(67,0,5,0,0,)
(68,0,5,0,0,)
(69,0,5,0,0,)
(70,0,5,0,0,)
(71,0,5,0,0,)
(72,0,5,0,0,)
(73,0,5,0,0,)
(74,0,5,0,0,)
(75,0,5,0,0,)
(76,0,5,0,0,)
(77,0,5,0,0,)
(78,0,5,0,0,)
(79,0,5,0,0,)
(80,0,5,0,0,)
(81,0,5,0,0,)
(82,0,5,0,0,)
(83,0,5,0,0,)
(84,0,5,0,0,)
(85,0,5,0,0,)
(86,0,5,0,0,)
(87,0,5,0,0,)
(88,0,5,0,0,)
(89,0,5,0,0,)
(90,0,5,0,0,)
(91,0,5,0,0,)
(92,0,5,0,0,)
(93,0,5,0,0,)
(94,0,5,0,0,)
(95,0,5,0,0,)
(96,0,5,0,0,)
(97,0,5,0,0,)
(98,0,5,0,0,)
(99,0,5,0,0,)
(50,1,34,15,0,)
(51,1,34,0,0,)
(52,1,34,0,0,)
(53,1,34,0,0,)
(54,1,34,15,0,)
(55,1,34,0,0,)
(56,1,34,0,0,)
(57,1,34,0,0,)
(58,1,34,0,0,)
(59,1,34,0,0,)
(60,1,34,0,0,)
(61,1,34,0,0,)
(62,1,34,0,0,)
(63,1,34,0,0,)
(64,1,34,0,0,)
(65,1,34,0,0,)
(66,1,34,0,0,)
(67,1,34,24,0,)
(68,1,34,0,0,)
(69,1,34,0,0,)
(70,1,34,0,0,)
(71,1,34,0,0,)
(72,1,34,0,0,)
(73,1,34,0,0,)
(74,1,34,0,0,)
(75,1,34,0,0,)
(76,1,34,0,0,)
(77,1,34,0,0,)
(78,1,34,0,0,)
(79,1,34,0,0,)
(80,1,34,0,0,)
(81,1,34,0,0,)
(82,1,34,0,0,)
(83,1,34,0,0,)
(84,1,34,0,0,)
(85,1,34,24,0,)
(86,1,0,0,0,)
(87,1,0,0,0,)
(88,1,0,0,0,)
(89,1,0,0,0,)
(90,1,0,0,0,)
(91,1,0,0,0,)
(92,1,0,0,0,)
(93,1,0,0,0,)
(94,1,0,0,0,)
(95,1,0,0,0,)
(96,1,0,0,0,)
(97,1,0,0,0,)
(98,1,0,0,0,)
(99,1,8,0,0,)
(50,2,34,13,0,)
(51,2,34,0,0,)
(52,2,34,0,0,)
(53,2,34,0,0,)
(54,2,34,13,0,)
(55,2,34,25,0,)
(56,2,34,0,0,)
(57,2,34,0,0,)
(58,2,34,0,0,)
(59,2,34,0,0,)
(60,2,34,0,0,)
(61,2,34,24,0,)
(62,2,34,0,0,)
(63,2,34,0,0,)
(64,2,34,0,0,)
(65,2,34,0,0,)
(66,2,34,0,0,)
(67,2,34,0,0,)
(68,2,34,0,0,)
(69,2,34,0,0,)
(70,2,34,0,0,)
(71,2,34,0,0,)
(72,2,34,0,0,)
(73,2,34,0,0,)
(74,2,34,0,0,)
(75,2,34,0,0,)
(76,2,34,0,0,)
(77,2,34,0,0,)
(78,2,34,0,0,)
(79,2,34,0,0,)
(80,2,34,0,0,)
(81,2,34,0,0,)
(82,2,34,0,0,)
(83,2,34,0,0,)
(84,2,34,0,0,)
(85,2,5,0,0,)
(86,2,0,0,0,)
(87,2,0,0,0,)
(88,2,0,0,0,)
(89,2,0,0,0,)
(90,2,0,0,0,)
(91,2,0,0,0,)
(92,2,0,0,0,)
(93,2,0,0,0,)
(94,2,0,0,0,)
(95,2,0,0,0,)
(96,2,0,0,0,)
(97,2,0,0,0,)
(98,2,0,0,0,)
(99,2,7,0,0,)
(50,3,15,0,0,)
(51,3,34,0,0,)
(52,3,34,0,0,)
(53,3,34,0,0,)
(54,3,13,0,0,)
(55,3,14,0,0,)
(56,3,5,0,0,)
(57,3,29,0,0,)
(58,3,34,0,0,)
(59,3,34,0,0,)
(60,3,34,0,0,)
(61,3,34,0,0,)
(62,3,34,0,0,)
(63,3,24,0,0,)
(64,3,5,0,0,)
(65,3,5,0,0,)
(66,3,5,0,0,)
(67,3,5,0,0,)
(68,3,5,0,0,)
(69,3,34,0,0,)
(70,3,34,0,0,)
(71,3,34,0,0,)
(72,3,34,0,0,)
(73,3,34,0,0,)
(74,3,34,0,0,)
(75,3,34,0,0,)
(76,3,34,0,0,)
(77,3,34,0,0,)
(78,3,34,0,0,)
(79,3,34,0,0,)
(80,3,34,24,0,)
(81,3,34,0,0,)
(82,3,34,0,0,)
(83,3,34,0,0,)
(84,3,5,0,0,)
(85,3,0,0,0,)
(86,3,5,0,0,)
(87,3,0,0,0,)
(88,3,0,0,0,)
(89,3,0,0,0,)
(90,3,0,0,0,)
(91,3,0,0,0,)
(92,3,0,0,0,)
(93,3,0,0,0,)
(94,3,0,0,0,)
(95,3,0,0,0,)
(96,3,0,0,0,)
(97,3,0,0,0,)
(98,3,0,0,0,)
(99,3,7,0,0,)
(50,4,34,0,0,)
(51,4,34,0,0,)
(52,4,34,0,0,)
(53,4,34,0,0,)
(54,4,34,0,0,)
(55,4,34,0,0,)
(56,4,34,0,0,)
(57,4,34,0,0,)
(58,4,34,0,0,)
(59,4,34,0,0,)
(60,4,34,0,0,)
(61,4,34,0,0,)
(62,4,23,0,0,)
(63,4,20,0,0,)
(64,4,0,0,0,)
(65,4,0,15,0,)
(66,4,0,0,0,)
(67,4,0,15,0,)
(68,4,0,0,0,)
(69,4,5,0,0,)
(70,4,34,0,0,)
(71,4,34,0,0,)
(72,4,34,0,0,)
(73,4,34,0,0,)
(74,4,34,24,0,)
(75,4,34,0,0,)
(76,4,34,0,0,)
(77,4,34,0,0,)
(78,4,34,0,0,)
(79,4,34,0,0,)
(80,4,34,0,0,)
(81,4,34,0,0,)
(82,4,34,0,0,)
(83,4,5,0,0,)
(84,4,0,0,0,)
(85,4,0,0,0,)
(86,4,0,0,0,)
(87,4,5,0,0,)
(88,4,0,0,0,)
(89,4,0,0,0,)
(90,4,0,0,0,)
(91,4,0,0,0,)
(92,4,0,0,0,)
(93,4,0,0,0,)
(94,4,0,0,0,)
(95,4,0,0,0,)
(96,4,0,0,0,)
(97,4,0,0,0,)
(98,4,0,0,0,)
(99,4,7,0,0,)
(50,5,34,0,0,)
(51,5,34,0,0,)
(52,5,34,0,0,)
(53,5,34,0,0,)
(54,5,34,0,0,)
(55,5,34,0,0,)
(56,5,34,0,0,)
(57,5,34,24,0,)
(58,5,34,0,0,)
(59,5,34,0,0,)
(60,5,34,0,0,)
(61,5,23,0,0,)
(62,5,20,0,0,)
(63,5,0,0,0,)
(64,5,0,0,0,)
(65,5,0,14,0,)
(66,5,0,0,0,)
(67,5,0,14,0,)
(68,5,0,0,0,)
(69,5,0,0,0,)
(70,5,5,0,0,)
(71,5,34,0,0,)
(72,5,34,0,0,)
(73,5,34,0,0,)
(74,5,34,25,0,)
(75,5,34,0,0,)
(76,5,34,0,0,)
(77,5,34,25,0,)
(78,5,34,0,0,)
(79,5,34,0,0,)
(80,5,34,25,0,)
(81,5,34,0,0,)
(82,5,5,0,0,)
(83,5,0,0,0,)
(84,5,0,0,0,)
(85,5,0,0,0,)
(86,5,0,0,0,)
(87,5,0,0,0,)
(88,5,0,0,0,)
(89,5,0,0,0,)
(90,5,0,0,0,)
(91,5,0,0,0,)
(92,5,0,0,0,)
(93,5,0,0,0,)
(94,5,0,0,0,)
(95,5,0,0,0,)
(96,5,0,0,0,)
(97,5,0,0,0,)
(98,5,0,0,0,)
(99,5,7,0,0,)
(50,6,34,0,0,)
(51,6,34,0,0,)
(52,6,34,0,0,)
(53,6,34,0,0,)
(54,6,34,0,0,)
(55,6,34,0,0,)
(56,6,34,0,0,)
(57,6,34,0,0,)
(58,6,34,0,0,)
(59,6,34,0,0,)
(60,6,23,0,0,)
(61,6,20,0,0,)
(62,6,0,0,0,)
(63,6,0,0,0,)
(64,6,0,0,0,)
(65,6,0,14,0,)
(66,6,0,0,0,)
(67,6,0,14,0,)
(68,6,0,0,0,)
(69,6,0,0,0,)
(70,6,0,0,0,)
(71,6,5,0,0,)
(72,6,5,0,0,)
(73,6,5,0,0,)
(74,6,5,0,0,)
(75,6,5,0,0,)
(76,6,5,0,0,)
(77,6,5,0,0,)
(78,6,5,0,0,)
(79,6,5,0,0,)
(80,6,5,0,0,)
(81,6,5,0,0,)
(82,6,0,0,0,)
(83,6,0,0,0,)
(84,6,0,0,0,)
(85,6,5,0,0,)
(86,6,5,0,0,)
(87,6,5,0,0,)
(88,6,5,0,0,)
(89,6,5,0,0,)
(90,6,5,0,0,)
(91,6,5,0,0,)
(92,6,5,0,0,)
(93,6,6,0,0,)
(94,6,0,0,0,)
(95,6,0,0,0,)
(96,6,0,0,0,)
(97,6,0,0,0,)
(98,6,0,0,0,)
(99,6,7,0,0,)
(50,7,34,0,0,)
(51,7,34,0,0,)
(52,7,34,0,0,)
(53,7,34,24,0,)
(54,7,34,0,0,)
(55,7,34,0,0,)
(56,7,34,0,0,)
(57,7,34,0,0,)
(58,7,34,0,0,)
(59,7,23,0,0,)
(60,7,20,0,0,)
(61,7,0,15,0,)
(62,7,0,0,0,)
(63,7,0,0,0,)
(64,7,0,0,0,)
(65,7,0,14,0,)
(66,7,0,0,0,)
(67,7,0,14,0,)
(68,7,0,0,0,)
(69,7,0,0,0,)
(70,7,0,0,0,)
(71,7,0,0,0,)
(72,7,0,0,0,)
(73,7,0,0,0,)
(74,7,0,0,0,)
(75,7,0,0,0,)
(76,7,0,0,0,)
(77,7,0,0,0,)
(78,7,0,0,0,)
(79,7,19,0,0,)
(80,7,0,0,0,)
(81,7,0,0,0,)
(82,7,0,0,0,)
(83,7,0,0,0,)
(84,7,5,0,0,)
(85,7,34,24,0,)
(86,7,34,0,0,)
(87,7,34,0,0,)
(88,7,34,0,0,)
(89,7,34,0,0,)
(90,7,34,0,0,)
(91,7,34,0,0,)
(92,7,34,24,0,)
(93,7,9,0,0,)
(94,7,0,0,0,)
(95,7,0,0,0,)
(96,7,0,0,0,)
(97,7,0,0,0,)
(98,7,0,0,0,)
(99,7,7,0,0,)
(50,8,34,0,0,)
(51,8,34,0,0,)
(52,8,34,0,0,)
(53,8,34,0,0,)
(54,8,34,0,0,)
(55,8,34,0,0,)
(56,8,34,0,0,)
(57,8,34,0,0,)
(58,8,23,0,0,)
(59,8,20,0,0,)
(60,8,0,0,0,)
(61,8,0,14,0,)
(62,8,0,0,0,)
(63,8,0,0,0,)
(64,8,0,0,0,)
(65,8,0,14,0,)
(66,8,0,0,0,)
(67,8,0,14,0,)
(68,8,0,0,0,)
(69,8,0,0,0,)
(70,8,0,0,0,)
(71,8,0,0,0,)
(72,8,0,0,0,)
(73,8,0,0,0,)
(74,8,0,0,0,)
(75,8,0,0,0,)
(76,8,0,0,0,)
(77,8,0,0,0,)
(78,8,0,0,0,)
(79,8,20,0,0,)
(80,8,0,0,0,)
(81,8,0,0,0,)
(82,8,0,0,0,)
(83,8,5,0,0,)
(84,8,34,0,0,)
(85,8,34,0,0,)
(86,8,34,0,0,)
(87,8,34,0,0,)
(88,8,34,0,0,)
(89,8,34,0,0,)
(90,8,34,0,0,)
(91,8,34,0,0,)
(92,8,34,0,0,)
(93,8,9,0,0,)
(94,8,0,0,0,)
(95,8,0,0,0,)
(96,8,0,0,0,)
(97,8,0,0,0,)
(98,8,0,0,0,)
(99,8,7,0,0,)
(50,9,34,0,0,)
(51,9,34,0,0,)
(52,9,34,0,0,)
(53,9,34,0,0,)
(54,9,34,0,0,)
(55,9,34,0,0,)
(56,9,34,0,0,)
(57,9,23,0,0,)
(58,9,20,0,0,)
(59,9,0,15,0,)
(60,9,0,0,0,)
(61,9,0,14,0,)
(62,9,0,0,0,)
(63,9,0,0,0,)
(64,9,0,0,0,)
(65,9,0,14,0,)
(66,9,0,0,0,)
(67,9,0,14,0,)
(68,9,0,0,0,)
(69,9,0,0,0,)
(70,9,0,0,0,)
(71,9,0,0,0,)
(72,9,0,0,0,)
(73,9,0,0,0,)
(74,9,0,0,0,)
(75,9,0,0,0,)
(76,9,0,0,0,)
(77,9,0,0,0,)
(78,9,0,0,0,)
(79,9,20,0,0,)
(80,9,0,0,0,)
(81,9,0,0,0,)
(82,9,5,0,0,)
(83,9,34,0,0,)
(84,9,34,0,0,)
(85,9,34,0,0,)
(86,9,5,0,0,)
(87,9,34,0,0,)
(88,9,34,0,0,)
(89,9,34,0,0,)
(90,9,34,0,0,)
(91,9,34,0,0,)
(92,9,34,0,0,)
(93,9,9,0,0,)
(94,9,0,0,0,)
(95,9,0,0,0,)
(96,9,0,0,0,)
(97,9,0,0,0,)
(98,9,0,0,0,)
(99,9,7,0,0,)
(50,10,5,0,0,)
(51,10,5,0,0,)
(52,10,5,0,0,)
(53,10,5,0,0,)
(54,10,5,0,0,)
(55,10,5,0,0,)
(56,10,5,0,0,)
(57,10,20,0,0,)
(58,10,0,0,0,)
(59,10,0,14,0,)
(60,10,0,0,0,)
(61,10,0,14,0,)
(62,10,0,0,0,)
(63,10,0,0,0,)
(64,10,0,0,0,)
(65,10,0,14,0,)
(66,10,0,0,0,)
(67,10,0,14,0,)
(68,10,0,0,0,)
(69,10,0,0,0,)
(70,10,0,0,0,)
(71,10,0,0,0,)
(72,10,0,0,0,)
(73,10,0,0,0,)
(74,10,0,0,0,)
(75,10,0,0,0,)
(76,10,0,0,0,)
(77,10,0,0,0,)
(78,10,0,0,0,)
(79,10,20,0,0,)
(80,10,0,0,0,)
(81,10,0,0,0,)
(82,10,19,0,0,)
(83,10,34,0,0,)
(84,10,34,0,0,)
(85,10,5,0,0,)
(86,10,34,0,0,)
(87,10,34,0,0,)
(88,10,34,0,0,)
(89,10,34,0,0,)
(90,10,34,0,0,)
(91,10,34,0,0,)
(92,10,34,0,0,)
(93,10,9,0,0,)
(94,10,0,0,0,)
(95,10,0,0,0,)
(96,10,0,0,0,)
(97,10,0,0,0,)
(98,10,0,0,0,)
(99,10,7,0,0,)
(50,11,0,0,0,)
(51,11,0,0,0,)
(52,11,0,0,0,)
(53,11,0,0,0,)
(54,11,0,0,0,)
(55,11,0,0,0,)
(56,11,0,0,0,)
(57,11,0,0,0,)
(58,11,0,0,0,)
(59,11,0,13,0,)
(60,11,0,25,0,)
(61,11,0,13,0,)
(62,11,0,0,0,)
(63,11,0,0,0,)
(64,11,0,0,0,)
(65,11,0,13,0,)
(66,11,0,24,0,)
(67,11,0,13,0,)
(68,11,0,0,0,)
(69,11,0,0,0,)
(70,11,0,0,0,)
(71,11,0,25,0,)
(72,11,0,25,0,)
(73,11,0,0,0,)
(74,11,0,0,0,)
(75,11,0,0,0,)
(76,11,0,0,0,)
(77,11,0,0,0,)
(78,11,0,0,0,)
(79,11,20,0,0,)
(80,11,0,0,0,)
(81,11,0,0,0,)
(82,11,20,0,0,)
(83,11,34,0,0,)
(84,11,5,0,0,)
(85,11,20,0,0,)
(86,11,5,0,0,)
(87,11,5,0,0,)
(88,11,5,0,0,)
(89,11,5,0,0,)
(90,11,5,0,0,)
(91,11,34,0,0,)
(92,11,34,0,0,)
(93,11,9,0,0,)
(94,11,0,0,0,)
(95,11,0,0,0,)
(96,11,0,0,0,)
(97,11,0,0,0,)
(98,11,0,0,0,)
(99,11,7,0,0,)
(50,12,0,0,0,)
(51,12,0,0,0,)
(52,12,0,0,0,)
(53,12,0,0,0,)
(54,12,0,0,0,)
(55,12,0,0,0,)
(56,12,0,0,0,)
(57,12,24,0,0,)
(58,12,5,0,0,)
(59,12,0,21,0,)
(60,12,0,22,0,)
(61,12,0,23,0,)
(62,12,0,0,0,)
(63,12,0,0,0,)
(64,12,0,0,0,)
(65,12,0,21,0,)
(66,12,0,22,0,)
(67,12,0,23,0,)
(68,12,0,0,0,)
(69,12,0,0,0,)
(70,12,0,22,0,)
(71,12,0,23,0,)
(72,12,5,0,0,)
(73,12,5,0,0,)
(74,12,29,0,0,)
(75,12,0,0,0,)
(76,12,0,0,0,)
(77,12,0,0,0,)
(78,12,0,0,0,)
(79,12,0,0,0,)
(80,12,0,0,0,)
(81,12,0,0,0,)
(82,12,20,0,0,)
(83,12,34,0,0,)
(84,12,34,0,0,)
(85,12,20,0,0,)
(86,12,34,0,0,)
(87,12,34,0,0,)
(88,12,34,0,0,)
(89,12,34,0,0,)
(90,12,34,0,0,)
(91,12,34,0,0,)
(92,12,34,0,0,)
(93,12,9,0,0,)
(94,12,0,0,0,)
(95,12,0,0,0,)
(96,12,0,0,0,)
(97,12,0,0,0,)
(98,12,0,0,0,)
(99,12,7,0,0,)
(50,13,0,0,0,)
(51,13,0,0,0,)
(52,13,0,0,0,)
(53,13,0,0,0,)
(54,13,0,0,0,)
(55,13,0,0,0,)
(56,13,23,0,0,)
(57,13,0,0,0,)
(58,13,0,0,0,)
(59,13,0,0,0,)
(60,13,0,0,0,)
(61,13,0,0,0,)
(62,13,0,0,0,)
(63,13,0,0,0,)
(64,13,0,0,0,)
(65,13,0,0,0,)
(66,13,0,0,0,)
(67,13,8,0,0,)
(68,13,0,26,0,)
(69,13,0,26,0,)
(70,13,8,0,0,)
(71,13,20,0,0,)
(72,13,20,0,0,)
(73,13,20,0,0,)
(74,13,20,0,0,)
(75,13,27,0,0,)
(76,13,0,0,0,)
(77,13,0,0,0,)
(78,13,0,0,0,)
(79,13,0,0,0,)
(80,13,0,0,0,)
(81,13,0,0,0,)
(82,13,20,0,0,)
(83,13,34,0,0,)
(84,13,34,0,0,)
(85,13,34,0,0,)
(86,13,2,0,0,)
(87,13,34,0,0,)
(88,13,34,0,0,)
(89,13,34,24,0,)
(90,13,34,0,0,)
(91,13,34,0,0,)
(92,13,34,0,0,)
(93,13,9,0,0,)
(94,13,0,0,0,)
(95,13,0,0,0,)
(96,13,0,0,0,)
(97,13,0,0,0,)
(98,13,0,0,0,)
(99,13,7,0,0,)
(50,14,0,0,0,)
(51,14,0,0,0,)
(52,14,0,0,0,)
(53,14,0,0,0,)
(54,14,0,0,0,)
(55,14,26,0,0,)
(56,14,0,0,0,)
(57,14,0,0,0,)
(58,14,0,0,0,)
(59,14,0,0,0,)
(60,14,0,0,0,)
(61,14,0,0,0,)
(62,14,0,0,0,)
(63,14,0,0,0,)
(64,14,0,0,0,)
(65,14,0,0,0,)
(66,14,0,0,0,)
(67,14,0,0,0,)
(68,14,2,0,0,)
(69,14,2,0,0,)
(70,14,20,0,0,)
(71,14,20,0,0,)
(72,14,20,0,0,)
(73,14,20,0,0,)
(74,14,20,0,0,)
(75,14,20,0,0,)
(76,14,27,0,0,)
(77,14,0,0,0,)
(78,14,0,0,0,)
(79,14,0,0,0,)
(80,14,0,0,0,)
(81,14,0,0,0,)
(82,14,20,0,0,)
(83,14,34,0,0,)
(84,14,34,0,0,)
(85,14,34,0,0,)
(86,14,34,0,0,)
(87,14,34,0,0,)
(88,14,34,0,0,)
(89,14,34,0,0,)
(90,14,34,0,0,)
(91,14,34,0,0,)
(92,14,34,0,0,)
(93,14,9,0,0,)
(94,14,0,0,0,)
(95,14,0,0,0,)
(96,14,0,0,0,)
(97,14,0,0,0,)
(98,14,0,0,0,)
(99,14,7,0,0,)
(50,15,0,0,0,)
(51,15,0,0,0,)
(52,15,0,0,0,)
(53,15,0,0,0,)
(54,15,0,0,0,)
(55,15,20,0,0,)
(56,15,0,0,0,)
(57,15,0,0,0,)
(58,15,0,0,0,)
(59,15,0,0,0,)
(60,15,0,0,0,)
(61,15,0,0,0,)
(62,15,0,0,0,)
(63,15,0,0,0,)
(64,15,0,0,0,)
(65,15,0,0,0,)
(66,15,0,0,0,)
(67,15,0,0,0,)
(68,15,20,0,0,)
(69,15,20,0,0,)
(70,15,20,0,0,)
(71,15,20,0,0,)
(72,15,20,0,0,)
(73,15,20,0,0,)
(74,15,20,0,0,)
(75,15,20,0,0,)
(76,15,20,0,0,)
(77,15,28,0,0,)
(78,15,0,0,0,)
(79,15,0,0,0,)
(80,15,0,0,0,)
(81,15,0,0,0,)
(82,15,20,0,0,)
(83,15,34,0,0,)
(84,15,34,0,0,)
(85,15,34,0,0,)
(86,15,34,0,0,)
(87,15,34,0,0,)
(88,15,34,0,0,)
(89,15,34,0,0,)
(90,15,34,0,0,)
(91,15,34,0,0,)
(92,15,34,0,0,)
(93,15,9,0,0,)
(94,15,0,0,0,)
(95,15,0,0,0,)
(96,15,0,0,0,)
(97,15,0,0,0,)
(98,15,0,0,0,)
(99,15,7,0,0,)
(50,16,0,0,0,)
(51,16,0,0,0,)
(52,16,0,0,0,)
(53,16,0,0,0,)
(54,16,0,0,0,)
(55,16,0,0,0,)
(56,16,0,0,0,)
(57,16,0,0,0,)
(58,16,0,0,0,)
(59,16,0,0,0,)
(60,16,0,24,0,)
(61,16,0,2,0,)
(62,16,0,24,0,)
(63,16,0,0,0,)
(64,16,0,0,0,)
(65,16,0,0,0,)
(66,16,0,0,0,)
(67,16,0,0,0,)
(68,16,20,0,0,)
(69,16,20,0,0,)
(70,16,20,0,0,)
(71,16,20,0,0,)
(72,16,20,0,0,)
(73,16,20,0,0,)
(74,16,20,0,0,)
(75,16,20,0,0,)
(76,16,20,0,0,)
(77,16,20,0,0,)
(78,16,27,0,0,)
(79,16,0,0,0,)
(80,16,0,0,0,)
(81,16,0,0,0,)
(82,16,20,0,0,)
(83,16,34,0,0,)
(84,16,34,0,0,)
(85,16,34,0,0,)
(86,16,34,0,0,)
(87,16,34,0,0,)
(88,16,34,0,0,)
(89,16,34,0,0,)
(90,16,22,0,0,)
(91,16,2,0,0,)
(92,16,0,0,0,)
(93,16,9,0,0,)
(94,16,0,0,0,)
(95,16,0,0,0,)
(96,16,0,0,0,)
(97,16,0,0,0,)
(98,16,0,0,0,)
(99,16,7,0,0,)
(50,17,0,0,0,)
(51,17,0,0,0,)
(52,17,0,0,0,)
(53,17,0,0,0,)
(54,17,0,0,0,)
(55,17,0,0,0,)
(56,17,0,0,0,)
(57,17,0,0,0,)
(58,17,0,0,0,)
(59,17,0,0,0,)
(60,17,10,0,0,)
(61,17,2,0,0,)
(62,17,12,0,0,)
(63,17,0,0,0,)
(64,17,0,0,0,)
(65,17,0,0,0,)
(66,17,0,0,0,)
(67,17,0,0,0,)
(68,17,20,0,0,)
(69,17,20,0,0,)
(70,17,20,0,0,)
(71,17,20,0,0,)
(72,17,20,0,0,)
(73,17,20,0,0,)
(74,17,20,0,0,)
(75,17,20,0,0,)
(76,17,20,0,0,)
(77,17,20,0,0,)
(78,17,20,0,0,)
(79,17,2,0,0,)
(80,17,2,0,0,)
(81,17,2,0,0,)
(82,17,20,0,0,)
(83,17,34,0,0,)
(84,17,34,0,0,)
(85,17,34,0,0,)
(86,17,34,24,0,)
(87,17,34,0,0,)
(88,17,34,0,0,)
(89,17,21,0,0,)
(90,17,20,0,0,)
(91,17,20,0,0,)
(92,17,0,0,0,)
(93,17,9,0,0,)
(94,17,0,0,0,)
(95,17,0,0,0,)
(96,17,0,0,0,)
(97,17,0,0,0,)
(98,17,0,0,0,)
(99,17,7,0,0,)
(50,18,0,0,0,)
(51,18,0,0,0,)
(52,18,0,0,0,)
(53,18,0,0,0,)
(54,18,0,0,0,)
(55,18,0,0,0,)
(56,18,0,0,0,)
(57,18,0,0,0,)
(58,18,0,0,0,)
(59,18,20,0,0,)
(60,18,34,0,0,)
(61,18,34,15,0,)
(62,18,0,0,0,)
(63,18,0,0,0,)
(64,18,0,0,0,)
(65,18,0,0,0,)
(66,18,0,0,0,)
(67,18,0,0,0,)
(68,18,20,0,0,)
(69,18,20,0,0,)
(70,18,34,24,0,)
(71,18,34,0,0,)
(72,18,34,0,0,)
(73,18,34,0,0,)
(74,18,34,0,0,)
(75,18,34,0,0,)
(76,18,34,0,0,)
(77,18,34,0,0,)
(78,18,34,0,0,)
(79,18,34,0,0,)
(80,18,34,24,0,)
(81,18,34,0,0,)
(82,18,34,0,0,)
(83,18,34,0,0,)
(84,18,34,0,0,)
(85,18,34,0,0,)
(86,18,34,0,0,)
(87,18,34,0,0,)
(88,18,21,0,0,)
(89,18,20,0,0,)
(90,18,20,0,0,)
(91,18,20,0,0,)
(92,18,0,0,0,)
(93,18,9,0,0,)
(94,18,0,0,0,)
(95,18,0,0,0,)
(96,18,0,0,0,)
(97,18,0,0,0,)
(98,18,0,0,0,)
(99,18,7,0,0,)
(50,19,0,0,0,)
(51,19,0,0,0,)
(52,19,0,0,0,)
(53,19,0,0,0,)
(54,19,0,0,0,)
(55,19,0,0,0,)
(56,19,0,0,0,)
(57,19,0,0,0,)
(58,19,0,0,0,)
(59,19,20,0,0,)
(60,19,34,0,0,)
(61,19,34,14,0,)
(62,19,0,26,0,)
(63,19,0,26,0,)
(64,19,0,26,0,)
(65,19,0,26,0,)
(66,19,0,26,0,)
(67,19,0,26,0,)
(68,19,20,0,0,)
(69,19,20,0,0,)
(70,19,34,0,0,)
(71,19,34,0,0,)
(72,19,34,0,0,)
(73,19,34,0,0,)
(74,19,34,0,0,)
(75,19,34,0,0,)
(76,19,34,0,0,)
(77,19,34,0,0,)
(78,19,34,0,0,)
(79,19,34,0,0,)
(80,19,34,0,0,)
(81,19,34,0,0,)
(82,19,34,0,0,)
(83,19,34,0,0,)
(84,19,34,0,0,)
(85,19,34,0,0,)
(86,19,34,0,0,)
(87,19,21,0,0,)
(88,19,20,0,0,)
(89,19,20,0,0,)
(90,19,20,0,0,)
(91,19,20,0,0,)
(92,19,0,0,0,)
(93,19,9,0,0,)
(94,19,0,0,0,)
(95,19,0,0,0,)
(96,19,0,0,0,)
(97,19,0,0,0,)
(98,19,0,0,0,)
(99,19,7,0,0,)
(50,20,0,25,0,)
(51,20,0,12,0,)
(52,20,0,25,0,)
(53,20,0,11,0,)
(54,20,0,25,0,)
(55,20,0,12,0,)
(56,20,0,0,0,)
(57,20,0,0,0,)
(58,20,0,0,0,)
(59,20,20,0,0,)
(60,20,34,0,0,)
(61,20,34,14,0,)
(62,20,2,0,0,)
(63,20,2,0,0,)
(64,20,2,0,0,)
(65,20,2,0,0,)
(66,20,2,0,0,)
(67,20,2,0,0,)
(68,20,20,0,0,)
(69,20,20,0,0,)
(70,20,34,0,0,)
(71,20,34,0,0,)
(72,20,34,0,0,)
(73,20,34,0,0,)
(74,20,34,0,0,)
(75,20,34,0,0,)
(76,20,34,0,0,)
(77,20,34,0,0,)
(78,20,34,0,0,)
(79,20,34,0,0,)
(80,20,34,0,0,)
(81,20,34,0,0,)
(82,20,34,0,0,)
(83,20,34,0,0,)
(84,20,34,0,0,)
(85,20,34,0,0,)
(86,20,21,0,0,)
(87,20,20,0,0,)
(88,20,0,0,0,)
(89,20,0,0,0,)
(90,20,0,0,0,)
(91,20,0,0,0,)
(92,20,0,0,0,)
(93,20,9,0,0,)
(94,20,0,0,0,)
(95,20,0,0,0,)
(96,20,0,0,0,)
(97,20,0,0,0,)
(98,20,0,0,0,)
(99,20,7,0,0,)
(50,21,2,0,0,)
(51,21,2,0,0,)
(52,21,2,0,0,)
(53,21,2,0,0,)
(54,21,2,0,0,)
(55,21,2,0,0,)
(56,21,2,0,0,)
(57,21,2,0,0,)
(58,21,2,0,0,)
(59,21,20,0,0,)
(60,21,34,0,0,)
(61,21,34,14,0,)
(62,21,34,0,0,)
(63,21,34,0,0,)
(64,21,34,0,0,)
(65,21,34,0,0,)
(66,21,34,0,0,)
(67,21,34,0,0,)
(68,21,34,0,0,)
(69,21,34,0,0,)
(70,21,34,0,0,)
(71,21,34,0,0,)
(72,21,34,0,0,)
(73,21,34,0,0,)
(74,21,34,0,0,)
(75,21,34,0,0,)
(76,21,34,0,0,)
(77,21,34,0,0,)
(78,21,34,0,0,)
(79,21,34,0,0,)
(80,21,34,0,0,)
(81,21,34,0,0,)
(82,21,34,0,0,)
(83,21,34,0,0,)
(84,21,34,0,0,)
(85,21,21,0,0,)
(86,21,20,0,0,)
(87,21,0,0,0,)
(88,21,0,0,0,)
(89,21,0,0,0,)
(90,21,0,3,0,)
(91,21,0,4,0,)
(92,21,0,5,0,)
(93,21,9,0,0,)
(94,21,0,0,0,)
(95,21,0,3,0,)
(96,21,0,4,0,)
(97,21,0,5,0,)
(98,21,0,0,0,)
(99,21,7,0,0,)
(50,22,34,0,0,)
(51,22,34,0,0,)
(52,22,34,0,0,)
(53,22,34,0,0,)
(54,22,34,0,0,)
(55,22,34,0,0,)
(56,22,34,0,0,)
(57,22,34,0,0,)
(58,22,34,24,0,)
(59,22,34,0,0,)
(60,22,34,0,0,)
(61,22,34,14,0,)
(62,22,34,0,0,)
(63,22,34,0,0,)
(64,22,34,0,0,)
(65,22,34,0,0,)
(66,22,34,24,0,)
(67,22,34,0,0,)
(68,22,34,0,0,)
(69,22,34,0,0,)
(70,22,34,0,0,)
(71,22,34,0,0,)
(72,22,34,0,0,)
(73,22,34,0,0,)
(74,22,34,0,0,)
(75,22,34,0,0,)
(76,22,34,0,0,)
(77,22,34,0,0,)
(78,22,34,0,0,)
(79,22,34,0,0,)
(80,22,34,0,0,)
(81,22,34,0,0,)
(82,22,34,0,0,)
(83,22,34,0,0,)
(84,22,21,0,0,)
(85,22,20,0,0,)
(86,22,20,0,0,)
(87,22,0,0,0,)
(88,22,0,0,0,)
(89,22,0,0,0,)
(90,22,0,6,0,)
(91,22,0,7,0,)
(92,22,0,8,0,)
(93,22,9,0,0,)
(94,22,0,0,0,)
(95,22,0,6,0,)
(96,22,0,7,0,)
(97,22,0,8,0,)
(98,22,0,0,0,)
(99,22,7,0,0,)
(50,23,34,0,0,)
(51,23,34,0,0,)
(52,23,34,0,0,)
(53,23,34,0,0,)
(54,23,34,0,0,)
(55,23,34,0,0,)
(56,23,34,0,0,)
(57,23,34,0,0,)
(58,23,34,0,0,)
(59,23,34,0,0,)
(60,23,34,0,0,)
(61,23,34,13,0,)
(62,23,34,0,0,)
(63,23,34,0,0,)
(64,23,34,0,0,)
(65,23,34,0,0,)
(66,23,34,0,0,)
(67,23,34,0,0,)
(68,23,34,0,0,)
(69,23,34,0,0,)
(70,23,34,0,0,)
(71,23,34,0,0,)
(72,23,34,0,0,)
(73,23,34,26,0,)
(74,23,34,0,0,)
(75,23,34,26,0,)
(76,23,34,0,0,)
(77,23,34,26,0,)
(78,23,34,0,0,)
(79,23,34,0,0,)
(80,23,34,0,0,)
(81,23,34,0,0,)
(82,23,34,0,0,)
(83,23,21,0,0,)
(84,23,20,0,0,)
(85,23,20,0,0,)
(86,23,20,0,0,)
(87,23,0,24,0,)
(88,23,0,28,0,)
(89,23,0,24,0,)
(90,23,0,12,0,)
(91,23,0,9,0,)
(92,23,0,11,0,)
(93,23,9,0,0,)
(94,23,0,26,0,)
(95,23,0,26,0,)
(96,23,0,9,0,)
(97,23,0,26,0,)
(98,23,0,26,0,)
(99,23,7,0,0,)
(50,24,19,0,0,)
(51,24,19,0,0,)
(52,24,19,0,0,)
(53,24,19,0,0,)
(54,24,19,0,0,)
(55,24,19,0,0,)
(56,24,19,0,0,)
(57,24,19,0,0,)
(58,24,19,0,0,)
(59,24,19,0,0,)
(60,24,19,0,0,)
(61,24,19,0,0,)
(62,24,19,0,0,)
(63,24,19,0,0,)
(64,24,19,0,0,)
(65,24,19,0,0,)
(66,24,19,0,0,)
(67,24,19,0,0,)
(68,24,19,0,0,)
(69,24,19,0,0,)
(70,24,19,0,0,)
(71,24,19,0,0,)
(72,24,19,0,0,)
(73,24,20,0,0,)
(74,24,20,0,0,)
(75,24,20,0,0,)
(76,24,20,0,0,)
(77,24,20,0,0,)
(78,24,20,0,0,)
(79,24,20,0,0,)
(80,24,20,0,0,)
(81,24,20,0,0,)
(82,24,20,0,0,)
(83,24,20,0,0,)
(84,24,20,0,0,)
(85,24,20,0,0,)
(86,24,20,0,0,)
(87,24,2,0,0,)
(88,24,2,0,0,)
(89,24,2,0,0,)
(90,24,2,0,0,)
(91,24,2,0,0,)
(92,24,2,0,0,)
(93,24,8,0,0,)
(94,24,2,0,0,)
(95,24,2,0,0,)
(96,24,2,0,0,)
(97,24,2,0,0,)
(98,24,2,0,0,)
(99,24,8,0,0,)
endBlock
end
