mapBound(10000,800)
(0,0,1,1,)
(1,0,0,0,)
(2,0,1,0,)
(3,0,1,1,)
(4,0,0,1,)
(5,0,0,1,)
(6,0,0,0,)
(7,0,0,0,)
(8,0,0,0,)
(9,0,0,0,)
(10,0,0,1,)
(11,0,1,1,)
(12,0,1,1,)
(13,0,1,0,)
(14,0,1,0,)
(15,0,0,0,)
(16,0,1,0,)
(17,0,1,0,)
(18,0,0,1,)
(19,0,1,1,)
(20,0,1,1,)
(21,0,0,1,)
(22,0,0,0,)
(23,0,1,0,)
(24,0,1,1,)
(25,0,1,1,)
(26,0,0,0,)
(27,0,1,0,)
(28,0,0,1,)
(29,0,1,0,)
(30,0,0,0,)
(31,0,0,0,)
(32,0,0,0,)
(33,0,0,0,)
(34,0,1,1,)
(35,0,1,1,)
(36,0,0,1,)
(37,0,1,0,)
(38,0,1,1,)
(39,0,1,1,)
(40,0,1,1,)
(41,0,0,1,)
(42,0,0,0,)
(43,0,1,0,)
(44,0,0,1,)
(45,0,0,1,)
(46,0,0,0,)
(47,0,0,1,)
(48,0,1,0,)
(49,0,1,0,)
(0,1,0,1,)
(1,1,0,1,)
(2,1,0,1,)
(3,1,1,1,)
(4,1,1,0,)
(5,1,0,0,)
(6,1,1,1,)
(7,1,1,1,)
(8,1,1,1,)
(9,1,1,1,)
(10,1,0,0,)
(11,1,0,1,)
(12,1,1,0,)
(13,1,0,1,)
(14,1,1,0,)
(15,1,0,0,)
(16,1,0,0,)
(17,1,0,1,)
(18,1,1,0,)
(19,1,0,1,)
(20,1,0,0,)
(21,1,0,0,)
(22,1,0,0,)
(23,1,1,1,)
(24,1,1,0,)
(25,1,1,1,)
(26,1,1,0,)
(27,1,1,1,)
(28,1,0,1,)
(29,1,1,0,)
(30,1,1,1,)
(31,1,0,0,)
(32,1,0,0,)
(33,1,0,0,)
(34,1,0,0,)
(35,1,0,0,)
(36,1,1,0,)
(37,1,1,0,)
(38,1,0,1,)
(39,1,1,1,)
(40,1,1,0,)
(41,1,0,0,)
(42,1,1,1,)
(43,1,0,1,)
(44,1,1,1,)
(45,1,1,0,)
(46,1,0,1,)
(47,1,0,0,)
(48,1,0,0,)
(49,1,0,1,)
(0,2,0,0,)
(1,2,0,1,)
(2,2,1,1,)
(3,2,0,0,)
(4,2,1,1,)
(5,2,1,1,)
(6,2,0,0,)
(7,2,0,0,)
(8,2,1,0,)
(9,2,0,1,)
(10,2,1,1,)
(11,2,0,0,)
(12,2,0,1,)
(13,2,0,0,)
(14,2,1,0,)
(15,2,0,0,)
(16,2,1,0,)
(17,2,1,0,)
(18,2,1,1,)
(19,2,0,1,)
(20,2,0,1,)
(21,2,1,0,)
(22,2,0,1,)
(23,2,1,1,)
(24,2,1,0,)
(25,2,1,1,)
(26,2,1,0,)
(27,2,0,0,)
(28,2,1,1,)
(29,2,0,1,)
(30,2,0,0,)
(31,2,1,0,)
(32,2,1,0,)
(33,2,1,1,)
(34,2,1,1,)
(35,2,1,1,)
(36,2,0,1,)
(37,2,1,0,)
(38,2,0,1,)
(39,2,0,0,)
(40,2,0,1,)
(41,2,1,1,)
(42,2,0,1,)
(43,2,0,1,)
(44,2,0,0,)
(45,2,1,1,)
(46,2,1,1,)
(47,2,1,1,)
(48,2,1,0,)
(49,2,0,0,)
(0,3,0,0,)
(1,3,1,1,)
(2,3,1,0,)
(3,3,0,0,)
(4,3,0,1,)
(5,3,0,1,)
(6,3,1,0,)
(7,3,1,1,)
(8,3,0,1,)
(9,3,1,0,)
(10,3,0,1,)
(11,3,1,1,)
(12,3,0,0,)
(13,3,1,1,)
(14,3,0,1,)
(15,3,1,1,)
(16,3,1,1,)
(17,3,0,1,)
(18,3,0,0,)
(19,3,0,1,)
(20,3,1,1,)
(21,3,1,0,)
(22,3,0,0,)
(23,3,1,1,)
(24,3,1,0,)
(25,3,1,1,)
(26,3,1,0,)
(27,3,0,0,)
(28,3,0,1,)
(29,3,1,0,)
(30,3,1,1,)
(31,3,0,1,)
(32,3,0,1,)
(33,3,1,0,)
(34,3,0,0,)
(35,3,1,1,)
(36,3,0,1,)
(37,3,1,1,)
(38,3,0,0,)
(39,3,1,1,)
(40,3,1,1,)
(41,3,0,0,)
(42,3,0,0,)
(43,3,1,0,)
(44,3,0,0,)
(45,3,1,0,)
(46,3,0,1,)
(47,3,1,0,)
(48,3,1,1,)
(49,3,1,0,)
(0,4,1,0,)
(1,4,0,0,)
(2,4,1,0,)
(3,4,0,0,)
(4,4,1,1,)
(5,4,1,1,)
(6,4,0,0,)
(7,4,0,1,)
(8,4,0,1,)
(9,4,0,1,)
(10,4,1,0,)
(11,4,0,1,)
(12,4,1,0,)
(13,4,1,1,)
(14,4,1,0,)
(15,4,1,0,)
(16,4,0,1,)
(17,4,0,0,)
(18,4,1,1,)
(19,4,0,0,)
(20,4,0,1,)
(21,4,0,0,)
(22,4,0,1,)
(23,4,0,0,)
(24,4,1,0,)
(25,4,0,1,)
(26,4,0,1,)
(27,4,0,1,)
(28,4,0,0,)
(29,4,0,1,)
(30,4,1,1,)
(31,4,0,0,)
(32,4,0,0,)
(33,4,1,1,)
(34,4,1,1,)
(35,4,0,0,)
(36,4,0,0,)
(37,4,0,0,)
(38,4,1,1,)
(39,4,0,0,)
(40,4,0,1,)
(41,4,1,0,)
(42,4,1,0,)
(43,4,1,0,)
(44,4,0,1,)
(45,4,0,0,)
(46,4,0,1,)
(47,4,1,1,)
(48,4,1,1,)
(49,4,1,0,)
(0,5,1,1,)
(1,5,1,0,)
(2,5,1,1,)
(3,5,1,1,)
(4,5,1,1,)
(5,5,0,1,)
(6,5,0,1,)
(7,5,1,1,)
(8,5,0,0,)
(9,5,1,1,)
(10,5,1,1,)
(11,5,0,1,)
(12,5,0,0,)
(13,5,1,1,)
(14,5,0,1,)
(15,5,1,0,)
(16,5,1,1,)
(17,5,1,1,)
(18,5,0,0,)
(19,5,0,1,)
(20,5,0,1,)
(21,5,1,0,)
(22,5,1,1,)
(23,5,1,0,)
(24,5,0,0,)
(25,5,1,0,)
(26,5,1,0,)
(27,5,1,1,)
(28,5,1,1,)
(29,5,1,1,)
(30,5,0,0,)
(31,5,1,1,)
(32,5,0,1,)
(33,5,0,1,)
(34,5,0,0,)
(35,5,0,0,)
(36,5,1,1,)
(37,5,0,1,)
(38,5,1,0,)
(39,5,1,0,)
(40,5,0,1,)
(41,5,0,0,)
(42,5,0,1,)
(43,5,1,1,)
(44,5,1,1,)
(45,5,0,1,)
(46,5,1,1,)
(47,5,1,0,)
(48,5,0,1,)
(49,5,1,0,)
(0,6,1,0,)
(1,6,1,1,)
(2,6,1,0,)
(3,6,1,1,)
(4,6,1,1,)
(5,6,1,1,)
(6,6,0,0,)
(7,6,0,0,)
(8,6,1,1,)
(9,6,0,0,)
(10,6,0,1,)
(11,6,0,1,)
(12,6,0,0,)
(13,6,1,1,)
(14,6,1,0,)
(15,6,0,0,)
(16,6,0,1,)
(17,6,1,1,)
(18,6,0,0,)
(19,6,0,0,)
(20,6,1,1,)
(21,6,0,0,)
(22,6,1,0,)
(23,6,1,0,)
(24,6,0,1,)
(25,6,0,0,)
(26,6,0,0,)
(27,6,1,1,)
(28,6,1,0,)
(29,6,0,0,)
(30,6,1,0,)
(31,6,1,1,)
(32,6,0,0,)
(33,6,1,0,)
(34,6,1,0,)
(35,6,0,1,)
(36,6,1,1,)
(37,6,0,1,)
(38,6,0,0,)
(39,6,1,0,)
(40,6,1,1,)
(41,6,1,0,)
(42,6,1,1,)
(43,6,0,1,)
(44,6,0,0,)
(45,6,1,1,)
(46,6,1,1,)
(47,6,1,1,)
(48,6,1,0,)
(49,6,1,1,)
(0,7,1,0,)
(1,7,1,0,)
(2,7,1,1,)
(3,7,1,1,)
(4,7,1,0,)
(5,7,1,1,)
(6,7,0,0,)
(7,7,0,0,)
(8,7,1,1,)
(9,7,1,0,)
(10,7,1,1,)
(11,7,1,0,)
(12,7,1,1,)
(13,7,0,0,)
(14,7,1,0,)
(15,7,1,0,)
(16,7,0,0,)
(17,7,1,0,)
(18,7,0,0,)
(19,7,0,0,)
(20,7,1,1,)
(21,7,0,1,)
(22,7,0,1,)
(23,7,0,0,)
(24,7,0,0,)
(25,7,0,1,)
(26,7,1,0,)
(27,7,1,0,)
(28,7,0,0,)
(29,7,1,1,)
(30,7,1,0,)
(31,7,0,1,)
(32,7,1,1,)
(33,7,0,1,)
(34,7,0,1,)
(35,7,0,1,)
(36,7,1,1,)
(37,7,0,1,)
(38,7,0,1,)
(39,7,1,0,)
(40,7,1,1,)
(41,7,0,0,)
(42,7,0,1,)
(43,7,0,1,)
(44,7,1,1,)
(45,7,0,0,)
(46,7,0,1,)
(47,7,0,0,)
(48,7,0,0,)
(49,7,1,0,)
(0,8,0,1,)
(1,8,1,0,)
(2,8,1,0,)
(3,8,1,1,)
(4,8,1,1,)
(5,8,1,0,)
(6,8,1,1,)
(7,8,1,0,)
(8,8,0,1,)
(9,8,1,0,)
(10,8,0,0,)
(11,8,1,0,)
(12,8,1,0,)
(13,8,1,1,)
(14,8,0,1,)
(15,8,1,1,)
(16,8,1,1,)
(17,8,1,0,)
(18,8,1,1,)
(19,8,1,0,)
(20,8,1,1,)
(21,8,1,0,)
(22,8,1,1,)
(23,8,0,1,)
(24,8,0,0,)
(25,8,1,0,)
(26,8,0,0,)
(27,8,1,0,)
(28,8,1,0,)
(29,8,0,0,)
(30,8,0,0,)
(31,8,1,0,)
(32,8,1,0,)
(33,8,0,1,)
(34,8,0,1,)
(35,8,1,0,)
(36,8,0,0,)
(37,8,1,0,)
(38,8,1,0,)
(39,8,1,1,)
(40,8,1,1,)
(41,8,1,1,)
(42,8,0,0,)
(43,8,0,0,)
(44,8,0,0,)
(45,8,1,1,)
(46,8,0,0,)
(47,8,0,1,)
(48,8,1,1,)
(49,8,0,1,)
(0,9,1,0,)
(1,9,1,1,)
(2,9,1,0,)
(3,9,1,0,)
(4,9,1,1,)
(5,9,0,0,)
(6,9,1,0,)
(7,9,1,1,)
(8,9,0,1,)
(9,9,0,0,)
(10,9,0,1,)
(11,9,1,1,)
(12,9,1,1,)
(13,9,1,0,)
(14,9,0,0,)
(15,9,1,0,)
(16,9,1,1,)
(17,9,1,1,)
(18,9,1,1,)
(19,9,0,1,)
(20,9,0,1,)
(21,9,0,0,)
(22,9,1,0,)
(23,9,1,0,)
(24,9,1,0,)
(25,9,0,1,)
(26,9,0,0,)
(27,9,0,0,)
(28,9,0,0,)
(29,9,1,1,)
(30,9,0,0,)
(31,9,1,0,)
(32,9,0,0,)
(33,9,0,1,)
(34,9,0,0,)
(35,9,0,1,)
(36,9,1,1,)
(37,9,1,0,)
(38,9,0,0,)
(39,9,0,0,)
(40,9,0,0,)
(41,9,0,0,)
(42,9,1,0,)
(43,9,0,1,)
(44,9,1,0,)
(45,9,1,0,)
(46,9,0,1,)
(47,9,1,1,)
(48,9,1,1,)
(49,9,1,1,)
(0,10,1,0,)
(1,10,1,0,)
(2,10,1,0,)
(3,10,1,0,)
(4,10,0,0,)
(5,10,1,0,)
(6,10,1,0,)
(7,10,0,1,)
(8,10,1,1,)
(9,10,0,1,)
(10,10,1,0,)
(11,10,0,0,)
(12,10,1,1,)
(13,10,0,1,)
(14,10,1,1,)
(15,10,0,0,)
(16,10,1,0,)
(17,10,0,0,)
(18,10,0,0,)
(19,10,1,1,)
(20,10,0,1,)
(21,10,1,1,)
(22,10,1,1,)
(23,10,1,1,)
(24,10,1,0,)
(25,10,0,0,)
(26,10,1,1,)
(27,10,0,1,)
(28,10,1,1,)
(29,10,1,1,)
(30,10,0,1,)
(31,10,1,0,)
(32,10,0,1,)
(33,10,0,1,)
(34,10,0,0,)
(35,10,1,0,)
(36,10,0,1,)
(37,10,0,1,)
(38,10,1,1,)
(39,10,1,0,)
(40,10,0,1,)
(41,10,0,0,)
(42,10,1,0,)
(43,10,1,1,)
(44,10,1,0,)
(45,10,0,1,)
(46,10,1,0,)
(47,10,0,0,)
(48,10,1,1,)
(49,10,1,1,)
(0,11,1,1,)
(1,11,1,1,)
(2,11,1,1,)
(3,11,0,1,)
(4,11,1,1,)
(5,11,1,0,)
(6,11,0,0,)
(7,11,1,0,)
(8,11,1,0,)
(9,11,0,0,)
(10,11,0,1,)
(11,11,1,1,)
(12,11,0,1,)
(13,11,1,0,)
(14,11,1,0,)
(15,11,1,0,)
(16,11,1,0,)
(17,11,0,0,)
(18,11,0,1,)
(19,11,1,1,)
(20,11,1,1,)
(21,11,1,1,)
(22,11,0,0,)
(23,11,1,1,)
(24,11,0,1,)
(25,11,0,0,)
(26,11,0,1,)
(27,11,1,1,)
(28,11,0,0,)
(29,11,0,0,)
(30,11,0,1,)
(31,11,0,1,)
(32,11,0,0,)
(33,11,1,1,)
(34,11,1,0,)
(35,11,1,1,)
(36,11,0,1,)
(37,11,1,1,)
(38,11,1,0,)
(39,11,0,1,)
(40,11,1,0,)
(41,11,0,1,)
(42,11,1,0,)
(43,11,1,1,)
(44,11,0,1,)
(45,11,1,1,)
(46,11,1,0,)
(47,11,0,0,)
(48,11,0,0,)
(49,11,0,0,)
(0,12,1,1,)
(1,12,0,1,)
(2,12,1,0,)
(3,12,0,0,)
(4,12,1,0,)
(5,12,1,1,)
(6,12,1,0,)
(7,12,0,1,)
(8,12,0,0,)
(9,12,0,1,)
(10,12,0,1,)
(11,12,0,0,)
(12,12,1,0,)
(13,12,0,1,)
(14,12,1,1,)
(15,12,1,0,)
(16,12,1,1,)
(17,12,0,1,)
(18,12,1,1,)
(19,12,0,0,)
(20,12,0,1,)
(21,12,1,1,)
(22,12,0,0,)
(23,12,0,0,)
(24,12,0,1,)
(25,12,1,1,)
(26,12,0,0,)
(27,12,1,1,)
(28,12,0,0,)
(29,12,1,1,)
(30,12,1,1,)
(31,12,0,0,)
(32,12,1,1,)
(33,12,0,0,)
(34,12,0,0,)
(35,12,0,0,)
(36,12,1,1,)
(37,12,0,1,)
(38,12,0,1,)
(39,12,0,1,)
(40,12,0,0,)
(41,12,1,1,)
(42,12,1,1,)
(43,12,0,1,)
(44,12,0,1,)
(45,12,1,0,)
(46,12,1,1,)
(47,12,1,0,)
(48,12,1,1,)
(49,12,1,0,)
(0,13,0,1,)
(1,13,0,0,)
(2,13,1,1,)
(3,13,0,1,)
(4,13,1,0,)
(5,13,0,0,)
(6,13,0,0,)
(7,13,1,0,)
(8,13,1,1,)
(9,13,0,0,)
(10,13,0,0,)
(11,13,0,0,)
(12,13,0,0,)
(13,13,0,1,)
(14,13,1,0,)
(15,13,1,0,)
(16,13,1,1,)
(17,13,0,1,)
(18,13,1,1,)
(19,13,1,1,)
(20,13,0,0,)
(21,13,0,0,)
(22,13,0,0,)
(23,13,0,0,)
(24,13,0,1,)
(25,13,0,0,)
(26,13,1,1,)
(27,13,1,1,)
(28,13,1,1,)
(29,13,1,1,)
(30,13,0,0,)
(31,13,0,1,)
(32,13,1,0,)
(33,13,1,0,)
(34,13,0,0,)
(35,13,1,1,)
(36,13,1,1,)
(37,13,0,0,)
(38,13,0,1,)
(39,13,1,1,)
(40,13,0,0,)
(41,13,0,1,)
(42,13,0,1,)
(43,13,0,0,)
(44,13,0,1,)
(45,13,0,0,)
(46,13,0,1,)
(47,13,1,1,)
(48,13,0,1,)
(49,13,1,1,)
(0,14,0,1,)
(1,14,0,0,)
(2,14,0,0,)
(3,14,1,0,)
(4,14,0,1,)
(5,14,0,1,)
(6,14,0,0,)
(7,14,0,1,)
(8,14,1,0,)
(9,14,1,1,)
(10,14,1,1,)
(11,14,1,0,)
(12,14,1,0,)
(13,14,0,0,)
(14,14,0,1,)
(15,14,0,0,)
(16,14,1,1,)
(17,14,0,0,)
(18,14,1,1,)
(19,14,0,0,)
(20,14,0,0,)
(21,14,1,0,)
(22,14,1,0,)
(23,14,1,0,)
(24,14,0,1,)
(25,14,1,0,)
(26,14,1,0,)
(27,14,0,1,)
(28,14,0,0,)
(29,14,1,0,)
(30,14,1,1,)
(31,14,1,0,)
(32,14,0,1,)
(33,14,1,0,)
(34,14,1,0,)
(35,14,1,1,)
(36,14,0,1,)
(37,14,0,0,)
(38,14,1,0,)
(39,14,1,0,)
(40,14,1,0,)
(41,14,0,0,)
(42,14,1,1,)
(43,14,0,1,)
(44,14,1,0,)
(45,14,1,1,)
(46,14,1,0,)
(47,14,0,0,)
(48,14,0,1,)
(49,14,1,1,)
(0,15,0,0,)
(1,15,0,0,)
(2,15,0,0,)
(3,15,0,1,)
(4,15,0,1,)
(5,15,0,1,)
(6,15,0,0,)
(7,15,0,1,)
(8,15,0,1,)
(9,15,0,1,)
(10,15,1,1,)
(11,15,0,1,)
(12,15,0,1,)
(13,15,1,0,)
(14,15,1,0,)
(15,15,0,1,)
(16,15,0,0,)
(17,15,0,1,)
(18,15,0,0,)
(19,15,1,0,)
(20,15,0,1,)
(21,15,1,0,)
(22,15,1,0,)
(23,15,0,1,)
(24,15,0,0,)
(25,15,0,1,)
(26,15,1,1,)
(27,15,0,0,)
(28,15,0,1,)
(29,15,1,1,)
(30,15,0,0,)
(31,15,1,0,)
(32,15,1,0,)
(33,15,1,1,)
(34,15,1,0,)
(35,15,1,0,)
(36,15,1,1,)
(37,15,0,1,)
(38,15,0,0,)
(39,15,1,0,)
(40,15,1,1,)
(41,15,0,0,)
(42,15,1,0,)
(43,15,0,1,)
(44,15,1,0,)
(45,15,0,1,)
(46,15,0,1,)
(47,15,1,0,)
(48,15,0,0,)
(49,15,1,0,)
(0,16,0,1,)
(1,16,1,1,)
(2,16,0,0,)
(3,16,1,1,)
(4,16,1,1,)
(5,16,1,0,)
(6,16,1,1,)
(7,16,1,1,)
(8,16,0,1,)
(9,16,0,0,)
(10,16,0,1,)
(11,16,1,0,)
(12,16,1,0,)
(13,16,0,1,)
(14,16,0,1,)
(15,16,1,0,)
(16,16,0,0,)
(17,16,0,0,)
(18,16,0,1,)
(19,16,1,1,)
(20,16,0,1,)
(21,16,0,0,)
(22,16,0,1,)
(23,16,1,0,)
(24,16,1,0,)
(25,16,1,1,)
(26,16,0,1,)
(27,16,1,0,)
(28,16,0,0,)
(29,16,0,0,)
(30,16,0,1,)
(31,16,1,1,)
(32,16,1,1,)
(33,16,0,1,)
(34,16,0,1,)
(35,16,0,0,)
(36,16,1,1,)
(37,16,0,1,)
(38,16,0,0,)
(39,16,0,1,)
(40,16,1,0,)
(41,16,1,0,)
(42,16,1,1,)
(43,16,1,1,)
(44,16,0,1,)
(45,16,0,0,)
(46,16,0,1,)
(47,16,1,1,)
(48,16,1,1,)
(49,16,1,0,)
(0,17,1,0,)
(1,17,1,1,)
(2,17,0,1,)
(3,17,1,1,)
(4,17,1,1,)
(5,17,0,1,)
(6,17,0,0,)
(7,17,0,1,)
(8,17,0,0,)
(9,17,1,1,)
(10,17,1,1,)
(11,17,0,1,)
(12,17,0,1,)
(13,17,0,0,)
(14,17,1,0,)
(15,17,0,1,)
(16,17,1,1,)
(17,17,0,0,)
(18,17,1,0,)
(19,17,0,1,)
(20,17,1,1,)
(21,17,0,1,)
(22,17,0,1,)
(23,17,1,0,)
(24,17,0,1,)
(25,17,0,0,)
(26,17,1,1,)
(27,17,0,0,)
(28,17,1,1,)
(29,17,0,1,)
(30,17,0,1,)
(31,17,1,1,)
(32,17,0,1,)
(33,17,1,0,)
(34,17,1,1,)
(35,17,0,1,)
(36,17,0,0,)
(37,17,1,1,)
(38,17,0,0,)
(39,17,0,1,)
(40,17,1,1,)
(41,17,1,1,)
(42,17,1,1,)
(43,17,1,1,)
(44,17,0,0,)
(45,17,0,0,)
(46,17,1,0,)
(47,17,0,0,)
(48,17,0,1,)
(49,17,1,0,)
(0,18,1,1,)
(1,18,1,1,)
(2,18,1,1,)
(3,18,1,0,)
(4,18,1,1,)
(5,18,1,1,)
(6,18,0,1,)
(7,18,0,0,)
(8,18,0,0,)
(9,18,1,0,)
(10,18,1,1,)
(11,18,0,0,)
(12,18,0,0,)
(13,18,1,1,)
(14,18,0,0,)
(15,18,0,0,)
(16,18,1,1,)
(17,18,1,1,)
(18,18,1,1,)
(19,18,0,0,)
(20,18,0,1,)
(21,18,1,0,)
(22,18,1,0,)
(23,18,1,0,)
(24,18,1,0,)
(25,18,0,1,)
(26,18,1,0,)
(27,18,0,0,)
(28,18,1,0,)
(29,18,1,1,)
(30,18,1,1,)
(31,18,0,1,)
(32,18,0,1,)
(33,18,1,1,)
(34,18,1,1,)
(35,18,0,1,)
(36,18,1,0,)
(37,18,1,1,)
(38,18,1,0,)
(39,18,1,0,)
(40,18,1,1,)
(41,18,1,0,)
(42,18,1,1,)
(43,18,1,0,)
(44,18,0,1,)
(45,18,1,0,)
(46,18,0,1,)
(47,18,0,1,)
(48,18,1,0,)
(49,18,1,0,)
(0,19,1,0,)
(1,19,0,1,)
(2,19,0,0,)
(3,19,1,1,)
(4,19,1,0,)
(5,19,0,0,)
(6,19,0,0,)
(7,19,0,0,)
(8,19,1,1,)
(9,19,1,0,)
(10,19,0,0,)
(11,19,1,1,)
(12,19,1,1,)
(13,19,1,0,)
(14,19,0,0,)
(15,19,1,0,)
(16,19,1,1,)
(17,19,1,0,)
(18,19,1,0,)
(19,19,1,0,)
(20,19,1,1,)
(21,19,0,0,)
(22,19,0,0,)
(23,19,0,1,)
(24,19,0,0,)
(25,19,1,0,)
(26,19,0,1,)
(27,19,1,1,)
(28,19,0,0,)
(29,19,0,0,)
(30,19,0,0,)
(31,19,0,0,)
(32,19,0,1,)
(33,19,1,0,)
(34,19,0,1,)
(35,19,1,0,)
(36,19,0,0,)
(37,19,0,1,)
(38,19,0,1,)
(39,19,1,0,)
(40,19,1,1,)
(41,19,1,0,)
(42,19,1,1,)
(43,19,1,1,)
(44,19,0,0,)
(45,19,0,0,)
(46,19,1,0,)
(47,19,0,1,)
(48,19,1,1,)
(49,19,0,1,)
(0,20,1,1,)
(1,20,1,0,)
(2,20,1,0,)
(3,20,1,0,)
(4,20,1,1,)
(5,20,1,0,)
(6,20,0,1,)
(7,20,1,1,)
(8,20,0,1,)
(9,20,0,0,)
(10,20,0,0,)
(11,20,0,0,)
(12,20,0,1,)
(13,20,1,1,)
(14,20,1,0,)
(15,20,0,1,)
(16,20,1,0,)
(17,20,0,1,)
(18,20,0,1,)
(19,20,0,1,)
(20,20,1,1,)
(21,20,1,1,)
(22,20,0,1,)
(23,20,0,0,)
(24,20,1,0,)
(25,20,1,0,)
(26,20,1,1,)
(27,20,1,1,)
(28,20,0,0,)
(29,20,0,1,)
(30,20,0,0,)
(31,20,1,1,)
(32,20,1,1,)
(33,20,1,1,)
(34,20,1,0,)
(35,20,1,1,)
(36,20,1,1,)
(37,20,1,1,)
(38,20,0,0,)
(39,20,0,1,)
(40,20,0,0,)
(41,20,0,0,)
(42,20,1,0,)
(43,20,0,0,)
(44,20,1,0,)
(45,20,0,0,)
(46,20,0,0,)
(47,20,0,1,)
(48,20,0,1,)
(49,20,0,1,)
(0,21,1,1,)
(1,21,0,0,)
(2,21,0,0,)
(3,21,1,0,)
(4,21,0,1,)
(5,21,1,1,)
(6,21,1,1,)
(7,21,1,0,)
(8,21,0,0,)
(9,21,0,1,)
(10,21,0,0,)
(11,21,1,1,)
(12,21,1,1,)
(13,21,0,1,)
(14,21,0,0,)
(15,21,1,1,)
(16,21,1,1,)
(17,21,1,0,)
(18,21,0,1,)
(19,21,0,0,)
(20,21,0,1,)
(21,21,0,0,)
(22,21,0,1,)
(23,21,0,0,)
(24,21,0,0,)
(25,21,1,1,)
(26,21,0,0,)
(27,21,1,1,)
(28,21,1,0,)
(29,21,1,1,)
(30,21,0,1,)
(31,21,0,1,)
(32,21,0,0,)
(33,21,0,1,)
(34,21,0,1,)
(35,21,0,0,)
(36,21,1,0,)
(37,21,1,0,)
(38,21,0,0,)
(39,21,1,0,)
(40,21,1,1,)
(41,21,1,1,)
(42,21,1,1,)
(43,21,0,0,)
(44,21,0,0,)
(45,21,1,1,)
(46,21,0,0,)
(47,21,0,1,)
(48,21,1,1,)
(49,21,1,1,)
(0,22,1,1,)
(1,22,1,0,)
(2,22,0,1,)
(3,22,0,1,)
(4,22,0,1,)
(5,22,1,0,)
(6,22,1,1,)
(7,22,0,0,)
(8,22,0,0,)
(9,22,0,1,)
(10,22,0,0,)
(11,22,1,1,)
(12,22,1,1,)
(13,22,0,1,)
(14,22,0,1,)
(15,22,0,0,)
(16,22,1,0,)
(17,22,0,1,)
(18,22,0,1,)
(19,22,0,0,)
(20,22,0,0,)
(21,22,1,0,)
(22,22,0,1,)
(23,22,1,1,)
(24,22,1,0,)
(25,22,0,0,)
(26,22,1,1,)
(27,22,1,1,)
(28,22,0,0,)
(29,22,0,1,)
(30,22,1,1,)
(31,22,1,0,)
(32,22,0,1,)
(33,22,0,1,)
(34,22,0,1,)
(35,22,1,1,)
(36,22,0,0,)
(37,22,1,0,)
(38,22,0,1,)
(39,22,1,0,)
(40,22,1,0,)
(41,22,1,1,)
(42,22,1,1,)
(43,22,1,0,)
(44,22,1,1,)
(45,22,0,1,)
(46,22,1,0,)
(47,22,0,0,)
(48,22,1,0,)
(49,22,1,1,)
(0,23,0,0,)
(1,23,0,1,)
(2,23,0,0,)
(3,23,1,0,)
(4,23,1,1,)
(5,23,0,0,)
(6,23,1,1,)
(7,23,1,0,)
(8,23,1,1,)
(9,23,0,0,)
(10,23,1,1,)
(11,23,0,0,)
(12,23,1,0,)
(13,23,0,0,)
(14,23,1,0,)
(15,23,1,1,)
(16,23,0,1,)
(17,23,1,0,)
(18,23,1,1,)
(19,23,0,1,)
(20,23,0,0,)
(21,23,0,1,)
(22,23,1,0,)
(23,23,0,1,)
(24,23,0,0,)
(25,23,0,1,)
(26,23,0,0,)
(27,23,1,0,)
(28,23,1,0,)
(29,23,0,1,)
(30,23,1,0,)
(31,23,0,1,)
(32,23,1,1,)
(33,23,0,1,)
(34,23,1,0,)
(35,23,0,1,)
(36,23,0,1,)
(37,23,1,1,)
(38,23,0,0,)
(39,23,1,0,)
(40,23,1,1,)
(41,23,0,1,)
(42,23,1,1,)
(43,23,1,0,)
(44,23,0,0,)
(45,23,1,0,)
(46,23,0,1,)
(47,23,0,0,)
(48,23,0,0,)
(49,23,0,0,)
(0,24,0,0,)
(1,24,1,1,)
(2,24,0,0,)
(3,24,1,0,)
(4,24,0,0,)
(5,24,0,1,)
(6,24,0,1,)
(7,24,0,0,)
(8,24,1,1,)
(9,24,0,1,)
(10,24,1,1,)
(11,24,1,1,)
(12,24,0,0,)
(13,24,1,0,)
(14,24,1,1,)
(15,24,1,1,)
(16,24,1,0,)
(17,24,0,0,)
(18,24,0,1,)
(19,24,1,0,)
(20,24,0,0,)
(21,24,1,0,)
(22,24,1,1,)
(23,24,0,0,)
(24,24,0,0,)
(25,24,1,1,)
(26,24,0,1,)
(27,24,0,0,)
(28,24,1,0,)
(29,24,1,0,)
(30,24,1,0,)
(31,24,0,1,)
(32,24,1,1,)
(33,24,1,0,)
(34,24,0,1,)
(35,24,0,1,)
(36,24,1,1,)
(37,24,1,0,)
(38,24,1,0,)
(39,24,1,1,)
(40,24,1,0,)
(41,24,1,0,)
(42,24,0,1,)
(43,24,1,0,)
(44,24,0,0,)
(45,24,0,0,)
(46,24,1,1,)
(47,24,1,1,)
(48,24,0,0,)
(49,24,1,1,)
endBlock
(50,0,1,0,)
(51,0,0,1,)
(52,0,0,0,)
(53,0,0,1,)
(54,0,1,1,)
(55,0,1,1,)
(56,0,1,1,)
(57,0,0,1,)
(58,0,0,0,)
(59,0,1,0,)
(60,0,0,0,)
(61,0,0,1,)
(62,0,1,1,)
(63,0,0,1,)
(64,0,1,1,)
(65,0,0,0,)
(66,0,0,1,)
(67,0,1,0,)
(68,0,1,0,)
(69,0,0,1,)
(70,0,0,1,)
(71,0,0,0,)
(72,0,0,1,)
(73,0,0,1,)
(74,0,0,0,)
(75,0,1,0,)
(76,0,1,1,)
(77,0,1,1,)
(78,0,1,1,)
(79,0,0,0,)
(80,0,0,1,)
(81,0,0,0,)
(82,0,1,0,)
(83,0,0,1,)
(84,0,0,0,)
(85,0,0,0,)
(86,0,1,0,)
(87,0,1,1,)
(88,0,1,1,)
(89,0,0,0,)
(90,0,1,0,)
(91,0,0,1,)
(92,0,0,1,)
(93,0,0,0,)
(94,0,0,0,)
(95,0,1,0,)
(96,0,0,1,)
(97,0,0,1,)
(98,0,1,1,)
(99,0,1,0,)
(50,1,1,1,)
(51,1,1,0,)
(52,1,0,1,)
(53,1,1,0,)
(54,1,1,1,)
(55,1,0,1,)
(56,1,0,0,)
(57,1,1,1,)
(58,1,0,1,)
(59,1,0,1,)
(60,1,1,1,)
(61,1,1,1,)
(62,1,0,0,)
(63,1,0,0,)
(64,1,1,0,)
(65,1,0,1,)
(66,1,0,0,)
(67,1,1,1,)
(68,1,1,1,)
(69,1,1,0,)
(70,1,0,0,)
(71,1,0,0,)
(72,1,1,1,)
(73,1,1,0,)
(74,1,1,1,)
(75,1,1,1,)
(76,1,1,0,)
(77,1,0,1,)
(78,1,0,1,)
(79,1,0,1,)
(80,1,1,1,)
(81,1,0,0,)
(82,1,1,1,)
(83,1,0,1,)
(84,1,1,1,)
(85,1,1,0,)
(86,1,0,0,)
(87,1,0,1,)
(88,1,0,1,)
(89,1,1,0,)
(90,1,0,0,)
(91,1,1,0,)
(92,1,1,1,)
(93,1,1,0,)
(94,1,1,0,)
(95,1,1,0,)
(96,1,0,1,)
(97,1,1,1,)
(98,1,1,1,)
(99,1,0,1,)
(50,2,1,0,)
(51,2,1,1,)
(52,2,0,1,)
(53,2,1,0,)
(54,2,0,1,)
(55,2,0,1,)
(56,2,0,1,)
(57,2,1,1,)
(58,2,1,0,)
(59,2,1,0,)
(60,2,0,0,)
(61,2,1,1,)
(62,2,1,1,)
(63,2,0,0,)
(64,2,1,1,)
(65,2,1,1,)
(66,2,1,1,)
(67,2,1,0,)
(68,2,1,0,)
(69,2,0,1,)
(70,2,0,0,)
(71,2,0,1,)
(72,2,1,0,)
(73,2,1,0,)
(74,2,1,0,)
(75,2,0,1,)
(76,2,0,1,)
(77,2,0,0,)
(78,2,0,0,)
(79,2,1,1,)
(80,2,0,0,)
(81,2,0,1,)
(82,2,1,1,)
(83,2,1,1,)
(84,2,0,0,)
(85,2,0,0,)
(86,2,1,1,)
(87,2,1,0,)
(88,2,1,0,)
(89,2,1,0,)
(90,2,0,0,)
(91,2,0,1,)
(92,2,1,0,)
(93,2,1,1,)
(94,2,0,0,)
(95,2,0,1,)
(96,2,0,1,)
(97,2,0,0,)
(98,2,0,0,)
(99,2,0,1,)
(50,3,1,1,)
(51,3,0,1,)
(52,3,1,1,)
(53,3,1,1,)
(54,3,1,1,)
(55,3,0,1,)
(56,3,1,1,)
(57,3,0,0,)
(58,3,1,1,)
(59,3,0,1,)
(60,3,0,0,)
(61,3,0,1,)
(62,3,0,1,)
(63,3,1,0,)
(64,3,0,1,)
(65,3,0,1,)
(66,3,1,1,)
(67,3,1,1,)
(68,3,0,0,)
(69,3,1,0,)
(70,3,0,0,)
(71,3,0,1,)
(72,3,1,0,)
(73,3,0,1,)
(74,3,1,1,)
(75,3,0,0,)
(76,3,0,1,)
(77,3,1,1,)
(78,3,0,1,)
(79,3,1,1,)
(80,3,1,1,)
(81,3,1,1,)
(82,3,1,1,)
(83,3,0,0,)
(84,3,0,1,)
(85,3,1,0,)
(86,3,1,1,)
(87,3,1,0,)
(88,3,0,1,)
(89,3,0,0,)
(90,3,0,1,)
(91,3,0,1,)
(92,3,1,0,)
(93,3,0,0,)
(94,3,0,0,)
(95,3,1,1,)
(96,3,1,1,)
(97,3,1,0,)
(98,3,1,1,)
(99,3,0,1,)
(50,4,1,1,)
(51,4,1,0,)
(52,4,1,1,)
(53,4,0,1,)
(54,4,0,0,)
(55,4,1,1,)
(56,4,0,1,)
(57,4,1,1,)
(58,4,1,0,)
(59,4,1,0,)
(60,4,0,1,)
(61,4,1,1,)
(62,4,1,0,)
(63,4,1,0,)
(64,4,0,0,)
(65,4,0,1,)
(66,4,1,1,)
(67,4,0,0,)
(68,4,0,1,)
(69,4,1,0,)
(70,4,1,0,)
(71,4,1,0,)
(72,4,0,0,)
(73,4,1,0,)
(74,4,1,1,)
(75,4,0,1,)
(76,4,1,0,)
(77,4,1,1,)
(78,4,0,1,)
(79,4,1,1,)
(80,4,0,1,)
(81,4,0,0,)
(82,4,0,1,)
(83,4,1,0,)
(84,4,0,0,)
(85,4,1,1,)
(86,4,1,1,)
(87,4,0,1,)
(88,4,1,0,)
(89,4,1,0,)
(90,4,0,0,)
(91,4,0,1,)
(92,4,1,0,)
(93,4,0,1,)
(94,4,0,1,)
(95,4,1,0,)
(96,4,0,1,)
(97,4,0,0,)
(98,4,0,1,)
(99,4,0,1,)
(50,5,0,1,)
(51,5,0,1,)
(52,5,0,0,)
(53,5,1,1,)
(54,5,1,0,)
(55,5,0,1,)
(56,5,0,1,)
(57,5,1,1,)
(58,5,0,0,)
(59,5,0,0,)
(60,5,1,1,)
(61,5,0,1,)
(62,5,1,1,)
(63,5,1,0,)
(64,5,1,1,)
(65,5,1,0,)
(66,5,1,0,)
(67,5,0,0,)
(68,5,1,0,)
(69,5,1,1,)
(70,5,1,0,)
(71,5,0,1,)
(72,5,0,1,)
(73,5,1,1,)
(74,5,1,1,)
(75,5,1,0,)
(76,5,1,0,)
(77,5,1,1,)
(78,5,1,0,)
(79,5,1,1,)
(80,5,1,1,)
(81,5,1,1,)
(82,5,1,0,)
(83,5,0,0,)
(84,5,1,0,)
(85,5,0,1,)
(86,5,0,1,)
(87,5,1,1,)
(88,5,0,0,)
(89,5,0,0,)
(90,5,1,0,)
(91,5,0,1,)
(92,5,1,0,)
(93,5,0,0,)
(94,5,0,1,)
(95,5,0,1,)
(96,5,0,0,)
(97,5,0,1,)
(98,5,1,0,)
(99,5,0,1,)
(50,6,1,1,)
(51,6,0,0,)
(52,6,0,0,)
(53,6,0,1,)
(54,6,1,1,)
(55,6,1,1,)
(56,6,0,0,)
(57,6,0,1,)
(58,6,1,0,)
(59,6,1,1,)
(60,6,1,0,)
(61,6,1,1,)
(62,6,0,0,)
(63,6,0,0,)
(64,6,0,1,)
(65,6,0,1,)
(66,6,1,0,)
(67,6,1,0,)
(68,6,1,0,)
(69,6,1,1,)
(70,6,0,1,)
(71,6,1,0,)
(72,6,1,0,)
(73,6,1,0,)
(74,6,1,1,)
(75,6,1,0,)
(76,6,1,0,)
(77,6,1,1,)
(78,6,0,0,)
(79,6,1,0,)
(80,6,0,1,)
(81,6,1,0,)
(82,6,0,0,)
(83,6,1,1,)
(84,6,0,0,)
(85,6,0,0,)
(86,6,1,0,)
(87,6,0,1,)
(88,6,1,0,)
(89,6,1,1,)
(90,6,0,0,)
(91,6,0,1,)
(92,6,1,1,)
(93,6,0,1,)
(94,6,1,0,)
(95,6,0,1,)
(96,6,0,0,)
(97,6,1,0,)
(98,6,0,1,)
(99,6,1,1,)
(50,7,0,1,)
(51,7,0,0,)
(52,7,1,1,)
(53,7,0,0,)
(54,7,0,1,)
(55,7,0,1,)
(56,7,1,0,)
(57,7,0,0,)
(58,7,0,1,)
(59,7,1,1,)
(60,7,1,0,)
(61,7,0,1,)
(62,7,0,0,)
(63,7,0,0,)
(64,7,1,0,)
(65,7,0,0,)
(66,7,0,0,)
(67,7,0,1,)
(68,7,1,0,)
(69,7,1,1,)
(70,7,0,1,)
(71,7,0,0,)
(72,7,0,0,)
(73,7,1,1,)
(74,7,0,1,)
(75,7,1,1,)
(76,7,1,1,)
(77,7,1,0,)
(78,7,1,1,)
(79,7,1,0,)
(80,7,1,0,)
(81,7,0,0,)
(82,7,1,1,)
(83,7,1,1,)
(84,7,1,0,)
(85,7,0,0,)
(86,7,0,0,)
(87,7,0,1,)
(88,7,1,1,)
(89,7,0,1,)
(90,7,1,0,)
(91,7,1,1,)
(92,7,0,0,)
(93,7,1,0,)
(94,7,0,0,)
(95,7,1,0,)
(96,7,1,0,)
(97,7,1,1,)
(98,7,1,1,)
(99,7,1,1,)
(50,8,0,1,)
(51,8,0,1,)
(52,8,1,1,)
(53,8,1,0,)
(54,8,1,1,)
(55,8,0,1,)
(56,8,0,0,)
(57,8,1,1,)
(58,8,0,1,)
(59,8,0,0,)
(60,8,1,1,)
(61,8,0,0,)
(62,8,1,1,)
(63,8,1,0,)
(64,8,0,1,)
(65,8,0,1,)
(66,8,1,0,)
(67,8,1,1,)
(68,8,0,1,)
(69,8,1,1,)
(70,8,0,1,)
(71,8,1,1,)
(72,8,0,1,)
(73,8,0,1,)
(74,8,0,0,)
(75,8,1,0,)
(76,8,1,1,)
(77,8,0,0,)
(78,8,1,0,)
(79,8,1,1,)
(80,8,1,0,)
(81,8,0,1,)
(82,8,0,0,)
(83,8,1,0,)
(84,8,0,0,)
(85,8,0,0,)
(86,8,0,0,)
(87,8,1,0,)
(88,8,0,0,)
(89,8,0,0,)
(90,8,0,0,)
(91,8,0,1,)
(92,8,1,0,)
(93,8,1,0,)
(94,8,0,0,)
(95,8,0,0,)
(96,8,1,1,)
(97,8,1,0,)
(98,8,1,0,)
(99,8,0,0,)
(50,9,1,0,)
(51,9,1,1,)
(52,9,1,1,)
(53,9,0,0,)
(54,9,0,1,)
(55,9,1,0,)
(56,9,1,1,)
(57,9,1,0,)
(58,9,1,0,)
(59,9,1,0,)
(60,9,1,1,)
(61,9,0,1,)
(62,9,0,1,)
(63,9,0,0,)
(64,9,1,1,)
(65,9,1,1,)
(66,9,1,0,)
(67,9,0,1,)
(68,9,0,1,)
(69,9,1,1,)
(70,9,0,1,)
(71,9,0,1,)
(72,9,0,0,)
(73,9,1,1,)
(74,9,0,0,)
(75,9,0,0,)
(76,9,0,0,)
(77,9,1,0,)
(78,9,1,1,)
(79,9,1,1,)
(80,9,1,0,)
(81,9,0,1,)
(82,9,1,0,)
(83,9,1,0,)
(84,9,0,1,)
(85,9,1,1,)
(86,9,0,1,)
(87,9,1,1,)
(88,9,1,0,)
(89,9,1,0,)
(90,9,1,1,)
(91,9,0,0,)
(92,9,0,1,)
(93,9,1,1,)
(94,9,1,1,)
(95,9,0,1,)
(96,9,0,0,)
(97,9,1,0,)
(98,9,0,1,)
(99,9,1,1,)
(50,10,1,0,)
(51,10,0,0,)
(52,10,0,0,)
(53,10,0,0,)
(54,10,1,0,)
(55,10,1,0,)
(56,10,0,1,)
(57,10,1,1,)
(58,10,0,1,)
(59,10,1,0,)
(60,10,0,0,)
(61,10,1,0,)
(62,10,1,1,)
(63,10,1,0,)
(64,10,1,0,)
(65,10,0,1,)
(66,10,0,1,)
(67,10,0,1,)
(68,10,0,1,)
(69,10,0,0,)
(70,10,1,1,)
(71,10,1,0,)
(72,10,0,0,)
(73,10,1,1,)
(74,10,0,0,)
(75,10,0,0,)
(76,10,1,0,)
(77,10,1,1,)
(78,10,0,0,)
(79,10,1,1,)
(80,10,0,0,)
(81,10,0,0,)
(82,10,0,1,)
(83,10,1,0,)
(84,10,0,1,)
(85,10,1,1,)
(86,10,1,0,)
(87,10,0,0,)
(88,10,1,1,)
(89,10,0,0,)
(90,10,1,0,)
(91,10,1,0,)
(92,10,1,1,)
(93,10,0,1,)
(94,10,1,0,)
(95,10,1,0,)
(96,10,1,0,)
(97,10,0,1,)
(98,10,1,0,)
(99,10,0,0,)
(50,11,0,1,)
(51,11,1,0,)
(52,11,1,0,)
(53,11,0,1,)
(54,11,0,0,)
(55,11,1,0,)
(56,11,1,1,)
(57,11,1,0,)
(58,11,0,0,)
(59,11,0,0,)
(60,11,1,0,)
(61,11,1,1,)
(62,11,0,1,)
(63,11,1,1,)
(64,11,0,1,)
(65,11,1,0,)
(66,11,0,1,)
(67,11,1,1,)
(68,11,0,1,)
(69,11,1,1,)
(70,11,0,0,)
(71,11,1,1,)
(72,11,1,0,)
(73,11,1,1,)
(74,11,1,0,)
(75,11,0,1,)
(76,11,1,1,)
(77,11,0,0,)
(78,11,1,0,)
(79,11,1,1,)
(80,11,1,1,)
(81,11,0,0,)
(82,11,1,0,)
(83,11,1,0,)
(84,11,1,0,)
(85,11,1,0,)
(86,11,1,0,)
(87,11,0,0,)
(88,11,0,1,)
(89,11,0,1,)
(90,11,1,0,)
(91,11,1,0,)
(92,11,1,0,)
(93,11,0,1,)
(94,11,0,1,)
(95,11,0,0,)
(96,11,1,1,)
(97,11,0,0,)
(98,11,0,1,)
(99,11,0,1,)
(50,12,1,0,)
(51,12,1,0,)
(52,12,0,1,)
(53,12,0,0,)
(54,12,0,0,)
(55,12,1,0,)
(56,12,0,1,)
(57,12,1,1,)
(58,12,0,0,)
(59,12,1,0,)
(60,12,0,1,)
(61,12,0,0,)
(62,12,1,0,)
(63,12,1,0,)
(64,12,0,1,)
(65,12,0,0,)
(66,12,1,0,)
(67,12,0,1,)
(68,12,1,0,)
(69,12,0,1,)
(70,12,0,1,)
(71,12,1,0,)
(72,12,0,1,)
(73,12,0,0,)
(74,12,1,1,)
(75,12,1,1,)
(76,12,0,0,)
(77,12,1,0,)
(78,12,1,1,)
(79,12,0,0,)
(80,12,1,1,)
(81,12,1,1,)
(82,12,1,1,)
(83,12,0,1,)
(84,12,1,0,)
(85,12,0,0,)
(86,12,0,1,)
(87,12,0,1,)
(88,12,0,0,)
(89,12,1,1,)
(90,12,0,0,)
(91,12,1,0,)
(92,12,1,1,)
(93,12,0,0,)
(94,12,0,1,)
(95,12,1,0,)
(96,12,1,0,)
(97,12,0,0,)
(98,12,1,0,)
(99,12,1,0,)
(50,13,1,0,)
(51,13,0,1,)
(52,13,1,0,)
(53,13,0,0,)
(54,13,1,0,)
(55,13,0,0,)
(56,13,0,0,)
(57,13,1,0,)
(58,13,1,0,)
(59,13,0,0,)
(60,13,0,0,)
(61,13,0,0,)
(62,13,1,1,)
(63,13,1,1,)
(64,13,0,0,)
(65,13,1,1,)
(66,13,1,0,)
(67,13,1,0,)
(68,13,0,0,)
(69,13,1,1,)
(70,13,1,0,)
(71,13,1,1,)
(72,13,1,0,)
(73,13,1,1,)
(74,13,0,1,)
(75,13,1,0,)
(76,13,0,1,)
(77,13,0,1,)
(78,13,0,1,)
(79,13,0,0,)
(80,13,1,0,)
(81,13,1,0,)
(82,13,0,1,)
(83,13,1,1,)
(84,13,0,1,)
(85,13,0,1,)
(86,13,1,1,)
(87,13,0,1,)
(88,13,0,1,)
(89,13,1,0,)
(90,13,1,0,)
(91,13,1,0,)
(92,13,1,1,)
(93,13,1,1,)
(94,13,0,1,)
(95,13,0,0,)
(96,13,0,1,)
(97,13,0,1,)
(98,13,1,0,)
(99,13,0,0,)
(50,14,1,0,)
(51,14,0,1,)
(52,14,0,0,)
(53,14,0,0,)
(54,14,0,0,)
(55,14,1,1,)
(56,14,1,0,)
(57,14,1,0,)
(58,14,1,1,)
(59,14,0,0,)
(60,14,0,1,)
(61,14,0,1,)
(62,14,0,1,)
(63,14,1,0,)
(64,14,0,0,)
(65,14,1,1,)
(66,14,1,1,)
(67,14,1,1,)
(68,14,1,0,)
(69,14,0,0,)
(70,14,1,0,)
(71,14,0,1,)
(72,14,1,1,)
(73,14,1,0,)
(74,14,1,0,)
(75,14,1,0,)
(76,14,1,0,)
(77,14,0,1,)
(78,14,0,1,)
(79,14,1,1,)
(80,14,1,0,)
(81,14,0,0,)
(82,14,0,1,)
(83,14,1,1,)
(84,14,0,1,)
(85,14,0,1,)
(86,14,0,0,)
(87,14,1,0,)
(88,14,0,0,)
(89,14,1,0,)
(90,14,0,1,)
(91,14,0,1,)
(92,14,1,1,)
(93,14,0,0,)
(94,14,0,0,)
(95,14,1,0,)
(96,14,0,1,)
(97,14,0,0,)
(98,14,0,0,)
(99,14,0,1,)
(50,15,1,1,)
(51,15,0,1,)
(52,15,0,1,)
(53,15,1,1,)
(54,15,0,0,)
(55,15,0,1,)
(56,15,0,1,)
(57,15,0,1,)
(58,15,1,1,)
(59,15,0,0,)
(60,15,1,1,)
(61,15,0,1,)
(62,15,0,0,)
(63,15,1,1,)
(64,15,1,1,)
(65,15,1,1,)
(66,15,0,1,)
(67,15,0,0,)
(68,15,1,1,)
(69,15,0,0,)
(70,15,1,1,)
(71,15,0,1,)
(72,15,0,1,)
(73,15,1,0,)
(74,15,0,1,)
(75,15,0,1,)
(76,15,0,1,)
(77,15,1,1,)
(78,15,1,1,)
(79,15,1,0,)
(80,15,1,1,)
(81,15,0,0,)
(82,15,1,1,)
(83,15,1,0,)
(84,15,1,1,)
(85,15,0,0,)
(86,15,0,1,)
(87,15,1,0,)
(88,15,1,0,)
(89,15,1,1,)
(90,15,0,0,)
(91,15,1,1,)
(92,15,1,1,)
(93,15,1,1,)
(94,15,1,1,)
(95,15,1,0,)
(96,15,0,1,)
(97,15,1,0,)
(98,15,0,0,)
(99,15,0,0,)
(50,16,0,0,)
(51,16,0,1,)
(52,16,0,1,)
(53,16,0,0,)
(54,16,1,0,)
(55,16,1,0,)
(56,16,0,1,)
(57,16,0,1,)
(58,16,1,0,)
(59,16,0,1,)
(60,16,1,0,)
(61,16,1,1,)
(62,16,0,0,)
(63,16,1,1,)
(64,16,0,1,)
(65,16,1,1,)
(66,16,1,1,)
(67,16,0,0,)
(68,16,1,0,)
(69,16,0,1,)
(70,16,1,0,)
(71,16,0,0,)
(72,16,1,0,)
(73,16,1,1,)
(74,16,1,0,)
(75,16,0,0,)
(76,16,0,1,)
(77,16,1,1,)
(78,16,0,1,)
(79,16,1,0,)
(80,16,0,1,)
(81,16,0,1,)
(82,16,0,1,)
(83,16,0,1,)
(84,16,0,0,)
(85,16,1,1,)
(86,16,1,1,)
(87,16,1,0,)
(88,16,1,0,)
(89,16,0,1,)
(90,16,1,0,)
(91,16,1,0,)
(92,16,0,0,)
(93,16,0,1,)
(94,16,1,1,)
(95,16,1,1,)
(96,16,1,1,)
(97,16,1,1,)
(98,16,1,1,)
(99,16,1,0,)
(50,17,0,1,)
(51,17,1,0,)
(52,17,0,0,)
(53,17,1,0,)
(54,17,0,0,)
(55,17,1,1,)
(56,17,1,1,)
(57,17,0,1,)
(58,17,1,0,)
(59,17,0,0,)
(60,17,1,0,)
(61,17,1,1,)
(62,17,1,1,)
(63,17,0,1,)
(64,17,1,0,)
(65,17,1,1,)
(66,17,1,0,)
(67,17,0,1,)
(68,17,1,0,)
(69,17,1,0,)
(70,17,1,1,)
(71,17,1,1,)
(72,17,0,0,)
(73,17,0,1,)
(74,17,0,0,)
(75,17,1,0,)
(76,17,1,1,)
(77,17,0,1,)
(78,17,0,0,)
(79,17,0,1,)
(80,17,1,0,)
(81,17,1,0,)
(82,17,1,1,)
(83,17,0,0,)
(84,17,0,0,)
(85,17,0,1,)
(86,17,1,0,)
(87,17,1,1,)
(88,17,1,0,)
(89,17,1,0,)
(90,17,1,0,)
(91,17,0,0,)
(92,17,0,1,)
(93,17,0,1,)
(94,17,1,0,)
(95,17,0,1,)
(96,17,1,0,)
(97,17,1,0,)
(98,17,1,1,)
(99,17,0,1,)
(50,18,0,1,)
(51,18,1,0,)
(52,18,1,0,)
(53,18,1,1,)
(54,18,1,0,)
(55,18,1,1,)
(56,18,0,1,)
(57,18,0,0,)
(58,18,0,1,)
(59,18,1,0,)
(60,18,1,0,)
(61,18,0,0,)
(62,18,1,0,)
(63,18,1,0,)
(64,18,0,1,)
(65,18,1,1,)
(66,18,0,1,)
(67,18,1,1,)
(68,18,0,0,)
(69,18,1,1,)
(70,18,0,1,)
(71,18,0,0,)
(72,18,1,1,)
(73,18,1,0,)
(74,18,0,0,)
(75,18,1,0,)
(76,18,1,0,)
(77,18,0,0,)
(78,18,0,1,)
(79,18,0,0,)
(80,18,1,0,)
(81,18,1,0,)
(82,18,0,1,)
(83,18,0,1,)
(84,18,0,1,)
(85,18,1,1,)
(86,18,0,1,)
(87,18,1,0,)
(88,18,1,1,)
(89,18,1,0,)
(90,18,0,1,)
(91,18,1,0,)
(92,18,1,1,)
(93,18,1,0,)
(94,18,0,1,)
(95,18,0,1,)
(96,18,1,1,)
(97,18,0,0,)
(98,18,0,0,)
(99,18,0,0,)
(50,19,1,0,)
(51,19,0,0,)
(52,19,1,1,)
(53,19,1,0,)
(54,19,1,1,)
(55,19,0,0,)
(56,19,1,1,)
(57,19,0,0,)
(58,19,1,0,)
(59,19,1,1,)
(60,19,1,0,)
(61,19,1,1,)
(62,19,0,0,)
(63,19,1,1,)
(64,19,1,1,)
(65,19,1,0,)
(66,19,0,1,)
(67,19,0,0,)
(68,19,1,1,)
(69,19,0,0,)
(70,19,1,0,)
(71,19,0,0,)
(72,19,0,0,)
(73,19,0,0,)
(74,19,1,0,)
(75,19,0,1,)
(76,19,1,0,)
(77,19,0,0,)
(78,19,0,0,)
(79,19,0,0,)
(80,19,0,1,)
(81,19,0,1,)
(82,19,0,1,)
(83,19,1,0,)
(84,19,0,0,)
(85,19,0,0,)
(86,19,1,1,)
(87,19,1,0,)
(88,19,1,1,)
(89,19,1,0,)
(90,19,1,0,)
(91,19,1,0,)
(92,19,1,0,)
(93,19,0,0,)
(94,19,0,1,)
(95,19,1,1,)
(96,19,0,1,)
(97,19,1,1,)
(98,19,1,1,)
(99,19,0,1,)
(50,20,0,0,)
(51,20,1,0,)
(52,20,1,1,)
(53,20,1,1,)
(54,20,1,0,)
(55,20,1,0,)
(56,20,1,0,)
(57,20,0,0,)
(58,20,1,0,)
(59,20,1,1,)
(60,20,1,1,)
(61,20,1,0,)
(62,20,0,0,)
(63,20,0,0,)
(64,20,0,0,)
(65,20,0,0,)
(66,20,1,0,)
(67,20,1,0,)
(68,20,0,1,)
(69,20,0,1,)
(70,20,1,0,)
(71,20,1,0,)
(72,20,1,1,)
(73,20,0,1,)
(74,20,0,1,)
(75,20,1,1,)
(76,20,1,1,)
(77,20,0,0,)
(78,20,0,1,)
(79,20,0,0,)
(80,20,0,1,)
(81,20,1,0,)
(82,20,1,1,)
(83,20,1,1,)
(84,20,0,1,)
(85,20,0,0,)
(86,20,1,1,)
(87,20,1,0,)
(88,20,1,0,)
(89,20,1,1,)
(90,20,1,0,)
(91,20,0,1,)
(92,20,1,1,)
(93,20,0,1,)
(94,20,0,1,)
(95,20,0,1,)
(96,20,1,1,)
(97,20,1,1,)
(98,20,1,1,)
(99,20,0,0,)
(50,21,1,0,)
(51,21,1,0,)
(52,21,0,0,)
(53,21,1,1,)
(54,21,1,0,)
(55,21,1,0,)
(56,21,1,1,)
(57,21,0,1,)
(58,21,0,1,)
(59,21,0,1,)
(60,21,1,0,)
(61,21,0,0,)
(62,21,1,1,)
(63,21,1,0,)
(64,21,0,1,)
(65,21,0,1,)
(66,21,0,1,)
(67,21,0,1,)
(68,21,1,0,)
(69,21,0,1,)
(70,21,1,1,)
(71,21,1,1,)
(72,21,0,0,)
(73,21,0,0,)
(74,21,0,1,)
(75,21,1,0,)
(76,21,0,1,)
(77,21,0,1,)
(78,21,1,1,)
(79,21,1,1,)
(80,21,1,1,)
(81,21,1,1,)
(82,21,0,1,)
(83,21,0,1,)
(84,21,0,1,)
(85,21,1,0,)
(86,21,1,1,)
(87,21,1,0,)
(88,21,0,0,)
(89,21,1,1,)
(90,21,0,0,)
(91,21,1,0,)
(92,21,1,1,)
(93,21,1,0,)
(94,21,1,0,)
(95,21,1,1,)
(96,21,0,0,)
(97,21,0,0,)
(98,21,1,1,)
(99,21,1,0,)
(50,22,1,0,)
(51,22,0,0,)
(52,22,1,0,)
(53,22,1,1,)
(54,22,1,0,)
(55,22,1,0,)
(56,22,1,0,)
(57,22,0,0,)
(58,22,1,1,)
(59,22,1,1,)
(60,22,1,1,)
(61,22,1,0,)
(62,22,0,0,)
(63,22,1,0,)
(64,22,1,0,)
(65,22,1,1,)
(66,22,1,1,)
(67,22,1,1,)
(68,22,0,0,)
(69,22,0,0,)
(70,22,1,0,)
(71,22,0,1,)
(72,22,1,0,)
(73,22,0,1,)
(74,22,1,0,)
(75,22,0,0,)
(76,22,1,1,)
(77,22,0,1,)
(78,22,1,0,)
(79,22,0,1,)
(80,22,1,1,)
(81,22,1,1,)
(82,22,1,1,)
(83,22,0,1,)
(84,22,1,0,)
(85,22,0,1,)
(86,22,0,0,)
(87,22,0,0,)
(88,22,1,0,)
(89,22,1,1,)
(90,22,1,1,)
(91,22,1,1,)
(92,22,0,1,)
(93,22,0,1,)
(94,22,1,1,)
(95,22,0,1,)
(96,22,1,1,)
(97,22,1,0,)
(98,22,0,0,)
(99,22,1,0,)
(50,23,0,0,)
(51,23,1,0,)
(52,23,0,1,)
(53,23,0,1,)
(54,23,0,1,)
(55,23,0,1,)
(56,23,0,1,)
(57,23,0,0,)
(58,23,0,0,)
(59,23,1,0,)
(60,23,0,0,)
(61,23,1,1,)
(62,23,1,1,)
(63,23,1,1,)
(64,23,0,1,)
(65,23,0,0,)
(66,23,1,1,)
(67,23,0,1,)
(68,23,1,1,)
(69,23,1,1,)
(70,23,0,0,)
(71,23,0,1,)
(72,23,1,0,)
(73,23,1,0,)
(74,23,0,1,)
(75,23,1,1,)
(76,23,1,0,)
(77,23,1,1,)
(78,23,1,1,)
(79,23,0,0,)
(80,23,1,1,)
(81,23,1,0,)
(82,23,0,0,)
(83,23,1,0,)
(84,23,1,1,)
(85,23,1,0,)
(86,23,1,0,)
(87,23,1,1,)
(88,23,0,1,)
(89,23,1,1,)
(90,23,1,1,)
(91,23,0,0,)
(92,23,0,1,)
(93,23,1,0,)
(94,23,0,0,)
(95,23,0,1,)
(96,23,1,0,)
(97,23,0,0,)
(98,23,0,0,)
(99,23,1,0,)
(50,24,1,0,)
(51,24,0,0,)
(52,24,0,0,)
(53,24,1,1,)
(54,24,1,1,)
(55,24,0,1,)
(56,24,0,1,)
(57,24,1,0,)
(58,24,1,0,)
(59,24,0,1,)
(60,24,1,0,)
(61,24,1,0,)
(62,24,1,1,)
(63,24,1,1,)
(64,24,1,0,)
(65,24,0,1,)
(66,24,0,1,)
(67,24,0,0,)
(68,24,0,0,)
(69,24,1,1,)
(70,24,1,1,)
(71,24,1,1,)
(72,24,1,1,)
(73,24,1,1,)
(74,24,1,1,)
(75,24,0,0,)
(76,24,0,1,)
(77,24,0,1,)
(78,24,1,0,)
(79,24,0,0,)
(80,24,1,1,)
(81,24,0,0,)
(82,24,1,1,)
(83,24,0,0,)
(84,24,0,1,)
(85,24,1,0,)
(86,24,1,0,)
(87,24,0,1,)
(88,24,0,0,)
(89,24,1,0,)
(90,24,1,0,)
(91,24,1,1,)
(92,24,1,0,)
(93,24,1,1,)
(94,24,1,0,)
(95,24,1,1,)
(96,24,1,0,)
(97,24,0,0,)
(98,24,0,0,)
(99,24,0,0,)
endBlock
(100,0,0,1,)
(101,0,1,0,)
(102,0,0,1,)
(103,0,1,1,)
(104,0,1,1,)
(105,0,1,0,)
(106,0,1,0,)
(107,0,1,0,)
(108,0,0,0,)
(109,0,1,0,)
(110,0,1,1,)
(111,0,0,0,)
(112,0,0,0,)
(113,0,0,1,)
(114,0,1,1,)
(115,0,0,0,)
(116,0,0,1,)
(117,0,0,0,)
(118,0,1,1,)
(119,0,1,1,)
(120,0,0,1,)
(121,0,1,0,)
(122,0,0,0,)
(123,0,1,1,)
(124,0,0,1,)
(125,0,0,1,)
(126,0,0,0,)
(127,0,0,0,)
(128,0,0,1,)
(129,0,1,1,)
(130,0,1,0,)
(131,0,1,1,)
(132,0,0,1,)
(133,0,0,1,)
(134,0,0,1,)
(135,0,0,0,)
(136,0,1,1,)
(137,0,0,1,)
(138,0,1,1,)
(139,0,1,1,)
(140,0,1,1,)
(141,0,0,1,)
(142,0,0,0,)
(143,0,0,0,)
(144,0,0,0,)
(145,0,1,1,)
(146,0,1,0,)
(147,0,1,1,)
(148,0,1,0,)
(149,0,1,1,)
(100,1,1,0,)
(101,1,0,0,)
(102,1,0,1,)
(103,1,0,1,)
(104,1,0,0,)
(105,1,1,1,)
(106,1,1,1,)
(107,1,0,0,)
(108,1,1,0,)
(109,1,1,0,)
(110,1,0,1,)
(111,1,0,1,)
(112,1,0,1,)
(113,1,1,0,)
(114,1,1,1,)
(115,1,0,1,)
(116,1,1,0,)
(117,1,0,0,)
(118,1,1,0,)
(119,1,1,1,)
(120,1,1,1,)
(121,1,0,1,)
(122,1,1,1,)
(123,1,0,0,)
(124,1,1,1,)
(125,1,1,1,)
(126,1,1,0,)
(127,1,1,0,)
(128,1,0,0,)
(129,1,0,1,)
(130,1,0,0,)
(131,1,0,0,)
(132,1,1,0,)
(133,1,0,0,)
(134,1,0,0,)
(135,1,0,1,)
(136,1,1,0,)
(137,1,0,0,)
(138,1,1,0,)
(139,1,0,1,)
(140,1,1,0,)
(141,1,0,1,)
(142,1,0,0,)
(143,1,0,0,)
(144,1,1,0,)
(145,1,1,0,)
(146,1,0,0,)
(147,1,1,1,)
(148,1,1,1,)
(149,1,0,1,)
(100,2,0,0,)
(101,2,1,0,)
(102,2,1,1,)
(103,2,0,0,)
(104,2,0,1,)
(105,2,1,1,)
(106,2,0,0,)
(107,2,1,0,)
(108,2,1,0,)
(109,2,1,0,)
(110,2,1,1,)
(111,2,0,1,)
(112,2,0,1,)
(113,2,1,1,)
(114,2,0,0,)
(115,2,1,0,)
(116,2,0,0,)
(117,2,1,0,)
(118,2,0,1,)
(119,2,0,1,)
(120,2,1,1,)
(121,2,1,1,)
(122,2,1,1,)
(123,2,0,0,)
(124,2,1,0,)
(125,2,1,0,)
(126,2,0,0,)
(127,2,1,0,)
(128,2,0,0,)
(129,2,0,0,)
(130,2,1,0,)
(131,2,0,1,)
(132,2,1,1,)
(133,2,0,0,)
(134,2,1,0,)
(135,2,0,1,)
(136,2,0,1,)
(137,2,0,1,)
(138,2,0,0,)
(139,2,1,1,)
(140,2,1,1,)
(141,2,1,0,)
(142,2,0,1,)
(143,2,0,1,)
(144,2,0,1,)
(145,2,0,1,)
(146,2,0,0,)
(147,2,1,0,)
(148,2,1,0,)
(149,2,0,0,)
(100,3,0,0,)
(101,3,1,0,)
(102,3,0,0,)
(103,3,1,0,)
(104,3,1,0,)
(105,3,1,1,)
(106,3,0,1,)
(107,3,0,0,)
(108,3,0,1,)
(109,3,1,1,)
(110,3,0,1,)
(111,3,0,0,)
(112,3,0,1,)
(113,3,0,0,)
(114,3,0,0,)
(115,3,0,1,)
(116,3,1,1,)
(117,3,1,1,)
(118,3,0,1,)
(119,3,1,0,)
(120,3,1,0,)
(121,3,1,1,)
(122,3,0,1,)
(123,3,0,0,)
(124,3,1,0,)
(125,3,0,1,)
(126,3,1,1,)
(127,3,1,1,)
(128,3,0,1,)
(129,3,1,1,)
(130,3,1,0,)
(131,3,0,1,)
(132,3,1,0,)
(133,3,1,0,)
(134,3,1,0,)
(135,3,0,0,)
(136,3,1,1,)
(137,3,1,1,)
(138,3,1,1,)
(139,3,1,1,)
(140,3,0,1,)
(141,3,1,1,)
(142,3,0,0,)
(143,3,1,0,)
(144,3,0,1,)
(145,3,0,0,)
(146,3,1,0,)
(147,3,1,1,)
(148,3,1,1,)
(149,3,1,0,)
(100,4,1,0,)
(101,4,0,0,)
(102,4,1,0,)
(103,4,1,0,)
(104,4,0,0,)
(105,4,1,1,)
(106,4,1,1,)
(107,4,1,0,)
(108,4,0,1,)
(109,4,0,1,)
(110,4,0,1,)
(111,4,1,1,)
(112,4,0,1,)
(113,4,1,1,)
(114,4,1,1,)
(115,4,1,0,)
(116,4,0,0,)
(117,4,1,0,)
(118,4,0,0,)
(119,4,1,1,)
(120,4,0,1,)
(121,4,0,1,)
(122,4,1,1,)
(123,4,1,0,)
(124,4,1,1,)
(125,4,1,0,)
(126,4,1,1,)
(127,4,0,1,)
(128,4,1,1,)
(129,4,0,0,)
(130,4,0,0,)
(131,4,0,0,)
(132,4,1,1,)
(133,4,1,1,)
(134,4,1,1,)
(135,4,1,0,)
(136,4,1,0,)
(137,4,1,0,)
(138,4,0,0,)
(139,4,1,1,)
(140,4,1,1,)
(141,4,0,1,)
(142,4,0,0,)
(143,4,0,0,)
(144,4,1,1,)
(145,4,1,0,)
(146,4,1,1,)
(147,4,0,0,)
(148,4,1,0,)
(149,4,0,1,)
(100,5,0,0,)
(101,5,0,1,)
(102,5,0,0,)
(103,5,0,0,)
(104,5,1,1,)
(105,5,1,1,)
(106,5,1,1,)
(107,5,1,0,)
(108,5,0,1,)
(109,5,0,0,)
(110,5,0,1,)
(111,5,0,1,)
(112,5,0,1,)
(113,5,1,0,)
(114,5,1,0,)
(115,5,0,1,)
(116,5,0,1,)
(117,5,1,0,)
(118,5,0,1,)
(119,5,1,1,)
(120,5,1,1,)
(121,5,0,0,)
(122,5,0,0,)
(123,5,1,0,)
(124,5,0,0,)
(125,5,1,0,)
(126,5,1,0,)
(127,5,1,1,)
(128,5,0,1,)
(129,5,0,0,)
(130,5,1,0,)
(131,5,1,1,)
(132,5,0,1,)
(133,5,0,1,)
(134,5,1,0,)
(135,5,0,0,)
(136,5,0,0,)
(137,5,0,0,)
(138,5,0,1,)
(139,5,0,1,)
(140,5,0,1,)
(141,5,1,0,)
(142,5,1,1,)
(143,5,1,0,)
(144,5,0,0,)
(145,5,1,1,)
(146,5,1,0,)
(147,5,1,0,)
(148,5,0,0,)
(149,5,1,1,)
(100,6,0,1,)
(101,6,0,0,)
(102,6,1,1,)
(103,6,1,0,)
(104,6,0,1,)
(105,6,0,1,)
(106,6,0,1,)
(107,6,1,1,)
(108,6,0,0,)
(109,6,0,1,)
(110,6,0,1,)
(111,6,0,0,)
(112,6,1,1,)
(113,6,0,0,)
(114,6,1,1,)
(115,6,1,0,)
(116,6,0,1,)
(117,6,1,1,)
(118,6,0,1,)
(119,6,0,0,)
(120,6,1,1,)
(121,6,0,0,)
(122,6,1,0,)
(123,6,1,1,)
(124,6,1,0,)
(125,6,0,0,)
(126,6,1,1,)
(127,6,0,1,)
(128,6,1,1,)
(129,6,1,1,)
(130,6,0,1,)
(131,6,0,1,)
(132,6,1,1,)
(133,6,1,0,)
(134,6,0,1,)
(135,6,1,1,)
(136,6,1,0,)
(137,6,1,0,)
(138,6,0,1,)
(139,6,1,1,)
(140,6,1,1,)
(141,6,0,0,)
(142,6,0,0,)
(143,6,1,1,)
(144,6,1,1,)
(145,6,1,0,)
(146,6,1,0,)
(147,6,0,0,)
(148,6,1,0,)
(149,6,1,1,)
(100,7,0,0,)
(101,7,0,0,)
(102,7,1,1,)
(103,7,1,1,)
(104,7,1,1,)
(105,7,0,1,)
(106,7,0,0,)
(107,7,0,1,)
(108,7,1,1,)
(109,7,0,0,)
(110,7,1,1,)
(111,7,0,0,)
(112,7,0,1,)
(113,7,0,0,)
(114,7,1,1,)
(115,7,0,0,)
(116,7,0,1,)
(117,7,0,1,)
(118,7,0,0,)
(119,7,0,1,)
(120,7,1,1,)
(121,7,0,1,)
(122,7,0,1,)
(123,7,1,0,)
(124,7,0,0,)
(125,7,1,0,)
(126,7,1,1,)
(127,7,0,1,)
(128,7,0,0,)
(129,7,0,1,)
(130,7,0,1,)
(131,7,0,1,)
(132,7,1,1,)
(133,7,1,0,)
(134,7,0,0,)
(135,7,0,1,)
(136,7,1,0,)
(137,7,1,1,)
(138,7,0,1,)
(139,7,1,1,)
(140,7,0,1,)
(141,7,0,1,)
(142,7,1,1,)
(143,7,0,0,)
(144,7,0,0,)
(145,7,0,1,)
(146,7,1,1,)
(147,7,1,0,)
(148,7,0,0,)
(149,7,0,1,)
(100,8,0,0,)
(101,8,1,1,)
(102,8,1,1,)
(103,8,1,1,)
(104,8,1,1,)
(105,8,0,0,)
(106,8,0,1,)
(107,8,0,1,)
(108,8,0,0,)
(109,8,0,1,)
(110,8,1,1,)
(111,8,1,1,)
(112,8,1,1,)
(113,8,0,1,)
(114,8,1,1,)
(115,8,1,0,)
(116,8,1,1,)
(117,8,0,1,)
(118,8,0,1,)
(119,8,1,0,)
(120,8,0,0,)
(121,8,1,0,)
(122,8,1,1,)
(123,8,1,1,)
(124,8,1,0,)
(125,8,0,1,)
(126,8,0,0,)
(127,8,1,1,)
(128,8,0,0,)
(129,8,1,0,)
(130,8,1,0,)
(131,8,0,0,)
(132,8,1,0,)
(133,8,0,0,)
(134,8,1,0,)
(135,8,0,1,)
(136,8,0,1,)
(137,8,0,1,)
(138,8,1,1,)
(139,8,0,1,)
(140,8,1,1,)
(141,8,0,0,)
(142,8,1,0,)
(143,8,1,0,)
(144,8,0,1,)
(145,8,0,1,)
(146,8,1,1,)
(147,8,0,1,)
(148,8,0,0,)
(149,8,1,0,)
(100,9,0,1,)
(101,9,0,0,)
(102,9,1,0,)
(103,9,1,0,)
(104,9,0,1,)
(105,9,1,0,)
(106,9,0,0,)
(107,9,1,1,)
(108,9,0,1,)
(109,9,1,1,)
(110,9,0,1,)
(111,9,1,0,)
(112,9,1,1,)
(113,9,1,1,)
(114,9,1,0,)
(115,9,1,1,)
(116,9,0,0,)
(117,9,1,0,)
(118,9,1,0,)
(119,9,1,1,)
(120,9,0,0,)
(121,9,0,1,)
(122,9,0,1,)
(123,9,0,1,)
(124,9,0,1,)
(125,9,1,0,)
(126,9,1,1,)
(127,9,1,0,)
(128,9,1,1,)
(129,9,1,0,)
(130,9,1,1,)
(131,9,1,1,)
(132,9,1,1,)
(133,9,1,1,)
(134,9,1,1,)
(135,9,1,1,)
(136,9,1,0,)
(137,9,0,0,)
(138,9,0,1,)
(139,9,1,0,)
(140,9,0,1,)
(141,9,0,0,)
(142,9,1,0,)
(143,9,1,1,)
(144,9,0,1,)
(145,9,1,0,)
(146,9,1,0,)
(147,9,1,1,)
(148,9,0,1,)
(149,9,1,1,)
(100,10,0,0,)
(101,10,0,0,)
(102,10,1,0,)
(103,10,1,1,)
(104,10,1,1,)
(105,10,0,1,)
(106,10,0,1,)
(107,10,0,0,)
(108,10,1,1,)
(109,10,1,1,)
(110,10,1,1,)
(111,10,0,1,)
(112,10,1,1,)
(113,10,1,1,)
(114,10,0,1,)
(115,10,0,0,)
(116,10,0,1,)
(117,10,1,0,)
(118,10,0,1,)
(119,10,1,0,)
(120,10,0,1,)
(121,10,1,0,)
(122,10,1,0,)
(123,10,0,1,)
(124,10,0,0,)
(125,10,1,0,)
(126,10,1,0,)
(127,10,1,1,)
(128,10,1,1,)
(129,10,0,1,)
(130,10,1,1,)
(131,10,1,0,)
(132,10,0,1,)
(133,10,1,1,)
(134,10,0,0,)
(135,10,1,1,)
(136,10,1,1,)
(137,10,1,0,)
(138,10,0,1,)
(139,10,0,0,)
(140,10,0,0,)
(141,10,1,0,)
(142,10,1,0,)
(143,10,0,0,)
(144,10,1,1,)
(145,10,0,0,)
(146,10,0,1,)
(147,10,1,0,)
(148,10,1,1,)
(149,10,1,1,)
(100,11,1,0,)
(101,11,1,1,)
(102,11,0,0,)
(103,11,1,1,)
(104,11,1,1,)
(105,11,0,1,)
(106,11,0,1,)
(107,11,0,0,)
(108,11,1,0,)
(109,11,1,0,)
(110,11,1,0,)
(111,11,1,0,)
(112,11,1,0,)
(113,11,1,0,)
(114,11,1,1,)
(115,11,0,1,)
(116,11,0,0,)
(117,11,1,1,)
(118,11,1,0,)
(119,11,1,1,)
(120,11,0,1,)
(121,11,1,1,)
(122,11,1,1,)
(123,11,1,1,)
(124,11,1,1,)
(125,11,0,1,)
(126,11,1,1,)
(127,11,0,1,)
(128,11,1,0,)
(129,11,0,1,)
(130,11,1,0,)
(131,11,1,0,)
(132,11,0,1,)
(133,11,0,1,)
(134,11,0,0,)
(135,11,1,0,)
(136,11,0,0,)
(137,11,1,0,)
(138,11,1,1,)
(139,11,1,1,)
(140,11,0,0,)
(141,11,1,0,)
(142,11,1,1,)
(143,11,1,1,)
(144,11,1,0,)
(145,11,1,1,)
(146,11,1,0,)
(147,11,0,0,)
(148,11,0,1,)
(149,11,1,0,)
(100,12,1,1,)
(101,12,1,0,)
(102,12,0,1,)
(103,12,0,0,)
(104,12,1,0,)
(105,12,1,1,)
(106,12,1,0,)
(107,12,1,1,)
(108,12,1,1,)
(109,12,1,0,)
(110,12,1,1,)
(111,12,1,1,)
(112,12,0,0,)
(113,12,1,0,)
(114,12,0,1,)
(115,12,0,0,)
(116,12,0,0,)
(117,12,0,1,)
(118,12,1,1,)
(119,12,1,1,)
(120,12,1,1,)
(121,12,0,1,)
(122,12,0,0,)
(123,12,0,0,)
(124,12,1,1,)
(125,12,0,1,)
(126,12,0,0,)
(127,12,0,1,)
(128,12,1,0,)
(129,12,0,0,)
(130,12,1,0,)
(131,12,1,1,)
(132,12,1,0,)
(133,12,0,1,)
(134,12,0,0,)
(135,12,0,1,)
(136,12,0,1,)
(137,12,1,1,)
(138,12,0,1,)
(139,12,0,1,)
(140,12,1,0,)
(141,12,0,1,)
(142,12,1,0,)
(143,12,0,1,)
(144,12,0,1,)
(145,12,0,0,)
(146,12,1,1,)
(147,12,0,1,)
(148,12,0,0,)
(149,12,1,1,)
(100,13,1,1,)
(101,13,1,0,)
(102,13,1,0,)
(103,13,1,1,)
(104,13,0,0,)
(105,13,1,0,)
(106,13,1,0,)
(107,13,0,0,)
(108,13,0,0,)
(109,13,0,0,)
(110,13,0,0,)
(111,13,0,0,)
(112,13,0,1,)
(113,13,1,0,)
(114,13,0,1,)
(115,13,0,1,)
(116,13,0,1,)
(117,13,1,0,)
(118,13,0,1,)
(119,13,1,1,)
(120,13,0,1,)
(121,13,0,0,)
(122,13,1,1,)
(123,13,0,1,)
(124,13,0,1,)
(125,13,0,1,)
(126,13,0,0,)
(127,13,0,0,)
(128,13,0,1,)
(129,13,1,1,)
(130,13,0,0,)
(131,13,0,1,)
(132,13,0,1,)
(133,13,0,1,)
(134,13,0,1,)
(135,13,1,1,)
(136,13,1,1,)
(137,13,0,0,)
(138,13,0,0,)
(139,13,1,0,)
(140,13,0,1,)
(141,13,0,0,)
(142,13,0,0,)
(143,13,0,1,)
(144,13,0,0,)
(145,13,1,0,)
(146,13,1,1,)
(147,13,1,1,)
(148,13,0,0,)
(149,13,1,1,)
(100,14,1,0,)
(101,14,1,0,)
(102,14,0,0,)
(103,14,0,0,)
(104,14,1,0,)
(105,14,1,1,)
(106,14,0,1,)
(107,14,1,0,)
(108,14,0,0,)
(109,14,0,1,)
(110,14,0,1,)
(111,14,1,0,)
(112,14,1,1,)
(113,14,1,1,)
(114,14,1,1,)
(115,14,0,1,)
(116,14,0,0,)
(117,14,0,0,)
(118,14,1,0,)
(119,14,1,1,)
(120,14,0,1,)
(121,14,0,0,)
(122,14,1,1,)
(123,14,1,1,)
(124,14,0,1,)
(125,14,1,1,)
(126,14,0,0,)
(127,14,1,0,)
(128,14,0,0,)
(129,14,0,1,)
(130,14,1,1,)
(131,14,1,1,)
(132,14,0,0,)
(133,14,0,0,)
(134,14,0,0,)
(135,14,0,1,)
(136,14,0,1,)
(137,14,1,1,)
(138,14,1,1,)
(139,14,1,1,)
(140,14,0,1,)
(141,14,1,0,)
(142,14,1,0,)
(143,14,0,0,)
(144,14,1,0,)
(145,14,0,1,)
(146,14,0,1,)
(147,14,1,1,)
(148,14,0,1,)
(149,14,1,1,)
(100,15,0,1,)
(101,15,0,0,)
(102,15,0,1,)
(103,15,0,1,)
(104,15,1,0,)
(105,15,1,0,)
(106,15,1,0,)
(107,15,0,0,)
(108,15,0,1,)
(109,15,0,0,)
(110,15,1,1,)
(111,15,1,1,)
(112,15,0,1,)
(113,15,0,1,)
(114,15,0,1,)
(115,15,0,1,)
(116,15,0,1,)
(117,15,0,0,)
(118,15,0,1,)
(119,15,1,0,)
(120,15,0,1,)
(121,15,1,0,)
(122,15,0,1,)
(123,15,1,1,)
(124,15,1,1,)
(125,15,1,0,)
(126,15,1,1,)
(127,15,1,1,)
(128,15,1,0,)
(129,15,0,1,)
(130,15,0,0,)
(131,15,1,0,)
(132,15,1,1,)
(133,15,1,1,)
(134,15,1,0,)
(135,15,1,1,)
(136,15,0,0,)
(137,15,0,1,)
(138,15,0,1,)
(139,15,1,1,)
(140,15,1,1,)
(141,15,0,0,)
(142,15,1,1,)
(143,15,0,0,)
(144,15,1,0,)
(145,15,0,0,)
(146,15,0,1,)
(147,15,1,0,)
(148,15,0,1,)
(149,15,1,1,)
(100,16,1,1,)
(101,16,0,0,)
(102,16,0,1,)
(103,16,0,1,)
(104,16,0,1,)
(105,16,0,0,)
(106,16,1,0,)
(107,16,0,1,)
(108,16,1,0,)
(109,16,0,0,)
(110,16,1,1,)
(111,16,1,1,)
(112,16,0,0,)
(113,16,0,1,)
(114,16,1,1,)
(115,16,0,1,)
(116,16,1,1,)
(117,16,0,0,)
(118,16,0,1,)
(119,16,1,1,)
(120,16,0,0,)
(121,16,0,1,)
(122,16,1,0,)
(123,16,0,0,)
(124,16,1,1,)
(125,16,1,1,)
(126,16,0,0,)
(127,16,1,0,)
(128,16,0,0,)
(129,16,0,0,)
(130,16,0,0,)
(131,16,1,1,)
(132,16,0,1,)
(133,16,0,1,)
(134,16,1,0,)
(135,16,0,1,)
(136,16,0,0,)
(137,16,1,1,)
(138,16,1,0,)
(139,16,0,1,)
(140,16,1,0,)
(141,16,0,1,)
(142,16,1,0,)
(143,16,0,0,)
(144,16,1,0,)
(145,16,0,1,)
(146,16,0,1,)
(147,16,0,0,)
(148,16,0,0,)
(149,16,0,1,)
(100,17,0,1,)
(101,17,1,0,)
(102,17,0,1,)
(103,17,0,0,)
(104,17,0,0,)
(105,17,0,1,)
(106,17,1,0,)
(107,17,0,0,)
(108,17,0,1,)
(109,17,0,1,)
(110,17,0,1,)
(111,17,0,1,)
(112,17,0,1,)
(113,17,1,1,)
(114,17,0,1,)
(115,17,1,1,)
(116,17,1,1,)
(117,17,0,1,)
(118,17,1,0,)
(119,17,0,1,)
(120,17,1,1,)
(121,17,0,0,)
(122,17,1,0,)
(123,17,1,1,)
(124,17,0,0,)
(125,17,1,1,)
(126,17,0,0,)
(127,17,0,0,)
(128,17,0,1,)
(129,17,1,0,)
(130,17,1,0,)
(131,17,1,0,)
(132,17,1,1,)
(133,17,0,0,)
(134,17,0,1,)
(135,17,0,0,)
(136,17,1,1,)
(137,17,0,0,)
(138,17,1,1,)
(139,17,1,1,)
(140,17,1,1,)
(141,17,0,0,)
(142,17,1,1,)
(143,17,1,1,)
(144,17,1,1,)
(145,17,0,1,)
(146,17,1,0,)
(147,17,0,0,)
(148,17,1,0,)
(149,17,0,1,)
(100,18,0,1,)
(101,18,1,1,)
(102,18,1,1,)
(103,18,0,1,)
(104,18,1,0,)
(105,18,1,0,)
(106,18,1,1,)
(107,18,0,0,)
(108,18,1,1,)
(109,18,1,0,)
(110,18,0,1,)
(111,18,1,1,)
(112,18,1,1,)
(113,18,1,0,)
(114,18,1,1,)
(115,18,0,0,)
(116,18,1,1,)
(117,18,1,0,)
(118,18,1,0,)
(119,18,0,1,)
(120,18,0,1,)
(121,18,1,1,)
(122,18,0,0,)
(123,18,1,1,)
(124,18,1,0,)
(125,18,0,0,)
(126,18,1,0,)
(127,18,0,1,)
(128,18,1,1,)
(129,18,0,0,)
(130,18,0,1,)
(131,18,0,1,)
(132,18,1,0,)
(133,18,0,1,)
(134,18,1,1,)
(135,18,0,1,)
(136,18,1,0,)
(137,18,1,0,)
(138,18,1,1,)
(139,18,1,1,)
(140,18,0,1,)
(141,18,1,1,)
(142,18,1,0,)
(143,18,1,1,)
(144,18,0,1,)
(145,18,0,0,)
(146,18,1,0,)
(147,18,0,1,)
(148,18,1,1,)
(149,18,0,1,)
(100,19,0,1,)
(101,19,0,1,)
(102,19,1,0,)
(103,19,1,1,)
(104,19,0,1,)
(105,19,1,1,)
(106,19,1,0,)
(107,19,0,0,)
(108,19,0,0,)
(109,19,1,0,)
(110,19,1,0,)
(111,19,1,0,)
(112,19,0,1,)
(113,19,0,0,)
(114,19,0,0,)
(115,19,1,0,)
(116,19,1,0,)
(117,19,0,0,)
(118,19,0,1,)
(119,19,0,0,)
(120,19,1,0,)
(121,19,1,1,)
(122,19,0,0,)
(123,19,0,1,)
(124,19,1,1,)
(125,19,0,0,)
(126,19,0,0,)
(127,19,1,0,)
(128,19,0,0,)
(129,19,0,0,)
(130,19,0,0,)
(131,19,0,1,)
(132,19,0,1,)
(133,19,0,1,)
(134,19,0,0,)
(135,19,1,1,)
(136,19,1,0,)
(137,19,1,1,)
(138,19,1,0,)
(139,19,1,1,)
(140,19,1,0,)
(141,19,1,1,)
(142,19,0,1,)
(143,19,1,0,)
(144,19,1,1,)
(145,19,0,1,)
(146,19,0,0,)
(147,19,0,1,)
(148,19,0,0,)
(149,19,0,0,)
(100,20,0,0,)
(101,20,0,0,)
(102,20,1,0,)
(103,20,0,1,)
(104,20,0,1,)
(105,20,1,0,)
(106,20,0,0,)
(107,20,0,1,)
(108,20,1,0,)
(109,20,1,0,)
(110,20,0,1,)
(111,20,0,1,)
(112,20,1,1,)
(113,20,0,0,)
(114,20,0,1,)
(115,20,1,1,)
(116,20,1,0,)
(117,20,1,1,)
(118,20,1,0,)
(119,20,0,1,)
(120,20,1,0,)
(121,20,1,0,)
(122,20,1,1,)
(123,20,1,0,)
(124,20,0,1,)
(125,20,1,0,)
(126,20,0,1,)
(127,20,0,0,)
(128,20,0,1,)
(129,20,0,0,)
(130,20,0,1,)
(131,20,0,0,)
(132,20,0,1,)
(133,20,0,1,)
(134,20,0,1,)
(135,20,1,1,)
(136,20,0,1,)
(137,20,1,1,)
(138,20,1,0,)
(139,20,1,0,)
(140,20,0,1,)
(141,20,0,1,)
(142,20,1,1,)
(143,20,0,0,)
(144,20,1,0,)
(145,20,0,1,)
(146,20,1,1,)
(147,20,1,1,)
(148,20,1,0,)
(149,20,0,0,)
(100,21,1,0,)
(101,21,0,1,)
(102,21,1,1,)
(103,21,0,1,)
(104,21,0,1,)
(105,21,0,1,)
(106,21,0,0,)
(107,21,0,1,)
(108,21,0,1,)
(109,21,1,1,)
(110,21,0,0,)
(111,21,1,1,)
(112,21,0,0,)
(113,21,0,1,)
(114,21,0,1,)
(115,21,0,1,)
(116,21,0,0,)
(117,21,0,0,)
(118,21,0,1,)
(119,21,0,0,)
(120,21,0,1,)
(121,21,0,1,)
(122,21,0,0,)
(123,21,1,0,)
(124,21,1,0,)
(125,21,0,1,)
(126,21,0,1,)
(127,21,1,1,)
(128,21,1,1,)
(129,21,0,0,)
(130,21,1,1,)
(131,21,0,1,)
(132,21,1,0,)
(133,21,0,1,)
(134,21,1,0,)
(135,21,1,0,)
(136,21,1,0,)
(137,21,1,1,)
(138,21,0,1,)
(139,21,0,0,)
(140,21,1,0,)
(141,21,1,1,)
(142,21,0,0,)
(143,21,0,0,)
(144,21,1,0,)
(145,21,1,1,)
(146,21,0,0,)
(147,21,0,0,)
(148,21,1,1,)
(149,21,1,0,)
(100,22,1,0,)
(101,22,0,0,)
(102,22,0,1,)
(103,22,0,1,)
(104,22,0,1,)
(105,22,1,1,)
(106,22,1,0,)
(107,22,0,1,)
(108,22,1,0,)
(109,22,1,0,)
(110,22,0,1,)
(111,22,1,0,)
(112,22,1,0,)
(113,22,0,0,)
(114,22,0,0,)
(115,22,0,0,)
(116,22,1,1,)
(117,22,1,0,)
(118,22,1,1,)
(119,22,0,0,)
(120,22,0,1,)
(121,22,1,1,)
(122,22,0,1,)
(123,22,0,1,)
(124,22,1,1,)
(125,22,0,0,)
(126,22,1,1,)
(127,22,0,0,)
(128,22,0,0,)
(129,22,1,0,)
(130,22,0,0,)
(131,22,0,1,)
(132,22,0,1,)
(133,22,0,0,)
(134,22,0,1,)
(135,22,1,1,)
(136,22,0,0,)
(137,22,0,0,)
(138,22,0,0,)
(139,22,1,1,)
(140,22,1,0,)
(141,22,0,0,)
(142,22,1,0,)
(143,22,1,1,)
(144,22,1,1,)
(145,22,1,1,)
(146,22,1,1,)
(147,22,0,1,)
(148,22,0,0,)
(149,22,0,0,)
(100,23,0,0,)
(101,23,1,0,)
(102,23,1,0,)
(103,23,0,1,)
(104,23,1,0,)
(105,23,1,1,)
(106,23,1,1,)
(107,23,1,0,)
(108,23,0,1,)
(109,23,1,1,)
(110,23,0,0,)
(111,23,0,1,)
(112,23,0,0,)
(113,23,1,0,)
(114,23,0,1,)
(115,23,0,0,)
(116,23,1,0,)
(117,23,0,1,)
(118,23,0,0,)
(119,23,0,0,)
(120,23,0,0,)
(121,23,0,1,)
(122,23,0,0,)
(123,23,1,0,)
(124,23,1,1,)
(125,23,0,1,)
(126,23,0,0,)
(127,23,1,1,)
(128,23,1,0,)
(129,23,1,0,)
(130,23,0,0,)
(131,23,1,0,)
(132,23,0,0,)
(133,23,1,1,)
(134,23,0,0,)
(135,23,0,0,)
(136,23,0,1,)
(137,23,1,1,)
(138,23,1,1,)
(139,23,1,0,)
(140,23,0,0,)
(141,23,0,1,)
(142,23,0,1,)
(143,23,1,1,)
(144,23,1,0,)
(145,23,0,0,)
(146,23,0,0,)
(147,23,1,0,)
(148,23,0,1,)
(149,23,1,0,)
(100,24,1,0,)
(101,24,1,1,)
(102,24,0,1,)
(103,24,1,0,)
(104,24,0,0,)
(105,24,1,1,)
(106,24,0,0,)
(107,24,1,0,)
(108,24,1,1,)
(109,24,0,1,)
(110,24,1,1,)
(111,24,0,0,)
(112,24,0,0,)
(113,24,0,0,)
(114,24,1,0,)
(115,24,0,1,)
(116,24,0,0,)
(117,24,1,0,)
(118,24,0,1,)
(119,24,0,0,)
(120,24,0,0,)
(121,24,0,1,)
(122,24,0,0,)
(123,24,0,0,)
(124,24,1,0,)
(125,24,0,1,)
(126,24,0,0,)
(127,24,0,1,)
(128,24,1,1,)
(129,24,0,1,)
(130,24,0,0,)
(131,24,0,0,)
(132,24,1,0,)
(133,24,0,0,)
(134,24,1,1,)
(135,24,0,0,)
(136,24,1,1,)
(137,24,0,1,)
(138,24,1,0,)
(139,24,1,0,)
(140,24,0,1,)
(141,24,1,1,)
(142,24,0,0,)
(143,24,1,0,)
(144,24,1,0,)
(145,24,1,1,)
(146,24,0,0,)
(147,24,1,0,)
(148,24,0,1,)
(149,24,1,1,)
endBlock
(150,0,0,1,)
(151,0,1,0,)
(152,0,0,0,)
(153,0,1,0,)
(154,0,1,1,)
(155,0,0,0,)
(156,0,1,0,)
(157,0,1,1,)
(158,0,1,0,)
(159,0,1,1,)
(160,0,0,0,)
(161,0,1,1,)
(162,0,0,1,)
(163,0,0,1,)
(164,0,1,1,)
(165,0,0,0,)
(166,0,1,0,)
(167,0,0,1,)
(168,0,0,0,)
(169,0,0,0,)
(170,0,0,0,)
(171,0,0,0,)
(172,0,1,1,)
(173,0,0,1,)
(174,0,1,1,)
(175,0,0,0,)
(176,0,1,0,)
(177,0,0,0,)
(178,0,0,0,)
(179,0,1,1,)
(180,0,1,0,)
(181,0,1,1,)
(182,0,0,1,)
(183,0,0,0,)
(184,0,1,1,)
(185,0,1,1,)
(186,0,0,1,)
(187,0,0,0,)
(188,0,1,0,)
(189,0,0,0,)
(190,0,0,1,)
(191,0,0,1,)
(192,0,1,1,)
(193,0,0,1,)
(194,0,0,0,)
(195,0,0,0,)
(196,0,0,0,)
(197,0,1,0,)
(198,0,0,0,)
(199,0,1,1,)
(150,1,0,1,)
(151,1,0,1,)
(152,1,1,0,)
(153,1,0,0,)
(154,1,1,0,)
(155,1,1,0,)
(156,1,0,1,)
(157,1,0,0,)
(158,1,0,1,)
(159,1,1,1,)
(160,1,1,1,)
(161,1,0,1,)
(162,1,0,0,)
(163,1,0,0,)
(164,1,0,1,)
(165,1,1,1,)
(166,1,0,0,)
(167,1,0,0,)
(168,1,1,1,)
(169,1,0,1,)
(170,1,1,1,)
(171,1,1,1,)
(172,1,0,0,)
(173,1,0,0,)
(174,1,1,1,)
(175,1,1,0,)
(176,1,0,0,)
(177,1,0,0,)
(178,1,0,1,)
(179,1,0,1,)
(180,1,0,1,)
(181,1,0,0,)
(182,1,1,0,)
(183,1,1,0,)
(184,1,1,0,)
(185,1,1,1,)
(186,1,1,0,)
(187,1,0,1,)
(188,1,1,1,)
(189,1,0,1,)
(190,1,0,1,)
(191,1,0,1,)
(192,1,0,0,)
(193,1,0,0,)
(194,1,1,0,)
(195,1,0,1,)
(196,1,1,0,)
(197,1,0,0,)
(198,1,0,0,)
(199,1,1,1,)
(150,2,0,0,)
(151,2,1,1,)
(152,2,1,1,)
(153,2,1,0,)
(154,2,0,1,)
(155,2,1,1,)
(156,2,0,1,)
(157,2,0,1,)
(158,2,1,0,)
(159,2,0,1,)
(160,2,1,0,)
(161,2,0,0,)
(162,2,0,1,)
(163,2,0,0,)
(164,2,0,0,)
(165,2,1,0,)
(166,2,1,1,)
(167,2,0,1,)
(168,2,1,1,)
(169,2,1,0,)
(170,2,1,0,)
(171,2,0,1,)
(172,2,0,0,)
(173,2,0,0,)
(174,2,1,1,)
(175,2,0,0,)
(176,2,1,1,)
(177,2,1,0,)
(178,2,0,1,)
(179,2,1,0,)
(180,2,1,1,)
(181,2,1,1,)
(182,2,0,0,)
(183,2,0,0,)
(184,2,0,1,)
(185,2,0,1,)
(186,2,1,1,)
(187,2,1,1,)
(188,2,0,1,)
(189,2,1,1,)
(190,2,0,0,)
(191,2,0,1,)
(192,2,0,1,)
(193,2,1,0,)
(194,2,1,1,)
(195,2,1,0,)
(196,2,1,1,)
(197,2,0,0,)
(198,2,1,1,)
(199,2,0,0,)
(150,3,1,0,)
(151,3,0,0,)
(152,3,0,0,)
(153,3,0,0,)
(154,3,1,0,)
(155,3,1,0,)
(156,3,0,0,)
(157,3,0,0,)
(158,3,0,1,)
(159,3,0,1,)
(160,3,1,0,)
(161,3,0,0,)
(162,3,1,0,)
(163,3,0,1,)
(164,3,1,0,)
(165,3,1,1,)
(166,3,1,1,)
(167,3,0,0,)
(168,3,1,0,)
(169,3,0,1,)
(170,3,0,0,)
(171,3,0,1,)
(172,3,1,1,)
(173,3,0,0,)
(174,3,1,1,)
(175,3,1,1,)
(176,3,0,1,)
(177,3,1,0,)
(178,3,0,1,)
(179,3,1,0,)
(180,3,1,0,)
(181,3,1,0,)
(182,3,0,1,)
(183,3,0,1,)
(184,3,1,1,)
(185,3,1,0,)
(186,3,0,1,)
(187,3,1,0,)
(188,3,1,0,)
(189,3,0,0,)
(190,3,0,0,)
(191,3,0,1,)
(192,3,0,1,)
(193,3,0,1,)
(194,3,1,1,)
(195,3,0,1,)
(196,3,0,0,)
(197,3,0,1,)
(198,3,1,1,)
(199,3,0,0,)
(150,4,0,0,)
(151,4,1,0,)
(152,4,1,0,)
(153,4,0,0,)
(154,4,0,1,)
(155,4,0,0,)
(156,4,0,1,)
(157,4,0,1,)
(158,4,1,0,)
(159,4,1,1,)
(160,4,0,0,)
(161,4,1,0,)
(162,4,1,0,)
(163,4,0,1,)
(164,4,1,1,)
(165,4,0,1,)
(166,4,1,0,)
(167,4,0,1,)
(168,4,1,1,)
(169,4,1,1,)
(170,4,0,0,)
(171,4,0,1,)
(172,4,0,1,)
(173,4,1,1,)
(174,4,0,1,)
(175,4,1,1,)
(176,4,1,0,)
(177,4,0,0,)
(178,4,0,0,)
(179,4,0,0,)
(180,4,0,0,)
(181,4,1,0,)
(182,4,0,0,)
(183,4,1,0,)
(184,4,1,1,)
(185,4,0,0,)
(186,4,0,0,)
(187,4,1,1,)
(188,4,1,1,)
(189,4,1,1,)
(190,4,0,0,)
(191,4,0,1,)
(192,4,0,0,)
(193,4,0,1,)
(194,4,1,1,)
(195,4,0,1,)
(196,4,0,1,)
(197,4,0,1,)
(198,4,0,1,)
(199,4,1,1,)
(150,5,0,1,)
(151,5,0,1,)
(152,5,1,0,)
(153,5,0,0,)
(154,5,1,1,)
(155,5,1,1,)
(156,5,0,1,)
(157,5,1,0,)
(158,5,0,0,)
(159,5,0,0,)
(160,5,1,1,)
(161,5,0,0,)
(162,5,0,1,)
(163,5,1,0,)
(164,5,0,1,)
(165,5,0,0,)
(166,5,0,1,)
(167,5,0,1,)
(168,5,0,0,)
(169,5,1,0,)
(170,5,0,0,)
(171,5,1,0,)
(172,5,0,1,)
(173,5,0,0,)
(174,5,1,1,)
(175,5,1,0,)
(176,5,1,1,)
(177,5,1,1,)
(178,5,1,1,)
(179,5,0,0,)
(180,5,0,1,)
(181,5,0,1,)
(182,5,0,0,)
(183,5,0,0,)
(184,5,1,0,)
(185,5,0,1,)
(186,5,1,0,)
(187,5,1,0,)
(188,5,0,1,)
(189,5,1,1,)
(190,5,1,0,)
(191,5,0,1,)
(192,5,1,0,)
(193,5,0,0,)
(194,5,1,0,)
(195,5,1,1,)
(196,5,1,0,)
(197,5,1,0,)
(198,5,1,0,)
(199,5,0,0,)
(150,6,0,1,)
(151,6,0,1,)
(152,6,1,0,)
(153,6,0,0,)
(154,6,1,1,)
(155,6,1,1,)
(156,6,1,0,)
(157,6,0,1,)
(158,6,0,1,)
(159,6,1,1,)
(160,6,1,1,)
(161,6,1,0,)
(162,6,0,1,)
(163,6,0,1,)
(164,6,1,0,)
(165,6,0,0,)
(166,6,0,1,)
(167,6,1,0,)
(168,6,1,0,)
(169,6,0,0,)
(170,6,0,1,)
(171,6,0,1,)
(172,6,0,0,)
(173,6,0,1,)
(174,6,0,1,)
(175,6,0,1,)
(176,6,0,1,)
(177,6,1,0,)
(178,6,1,1,)
(179,6,1,0,)
(180,6,1,0,)
(181,6,1,1,)
(182,6,0,1,)
(183,6,1,0,)
(184,6,1,1,)
(185,6,1,1,)
(186,6,0,0,)
(187,6,0,1,)
(188,6,0,1,)
(189,6,1,0,)
(190,6,0,1,)
(191,6,0,0,)
(192,6,1,1,)
(193,6,1,1,)
(194,6,1,1,)
(195,6,0,0,)
(196,6,0,1,)
(197,6,0,1,)
(198,6,0,1,)
(199,6,1,0,)
(150,7,1,0,)
(151,7,0,1,)
(152,7,1,0,)
(153,7,0,0,)
(154,7,1,0,)
(155,7,0,0,)
(156,7,1,0,)
(157,7,1,1,)
(158,7,0,1,)
(159,7,1,1,)
(160,7,1,0,)
(161,7,0,1,)
(162,7,0,0,)
(163,7,0,1,)
(164,7,1,1,)
(165,7,1,0,)
(166,7,1,1,)
(167,7,1,0,)
(168,7,1,0,)
(169,7,1,1,)
(170,7,0,1,)
(171,7,1,0,)
(172,7,1,0,)
(173,7,1,0,)
(174,7,1,0,)
(175,7,1,0,)
(176,7,1,1,)
(177,7,0,1,)
(178,7,1,0,)
(179,7,0,1,)
(180,7,0,1,)
(181,7,1,1,)
(182,7,1,1,)
(183,7,1,1,)
(184,7,0,1,)
(185,7,0,0,)
(186,7,0,1,)
(187,7,0,0,)
(188,7,1,0,)
(189,7,0,0,)
(190,7,1,1,)
(191,7,0,0,)
(192,7,1,1,)
(193,7,0,0,)
(194,7,0,0,)
(195,7,1,1,)
(196,7,0,1,)
(197,7,0,0,)
(198,7,1,0,)
(199,7,0,1,)
(150,8,0,0,)
(151,8,1,1,)
(152,8,0,0,)
(153,8,1,0,)
(154,8,0,1,)
(155,8,1,1,)
(156,8,1,1,)
(157,8,0,0,)
(158,8,0,0,)
(159,8,0,0,)
(160,8,0,1,)
(161,8,0,1,)
(162,8,1,0,)
(163,8,0,0,)
(164,8,0,1,)
(165,8,0,0,)
(166,8,1,0,)
(167,8,0,0,)
(168,8,1,0,)
(169,8,1,0,)
(170,8,1,0,)
(171,8,1,1,)
(172,8,0,1,)
(173,8,1,0,)
(174,8,1,1,)
(175,8,1,1,)
(176,8,0,0,)
(177,8,0,1,)
(178,8,1,1,)
(179,8,0,0,)
(180,8,1,0,)
(181,8,0,1,)
(182,8,1,0,)
(183,8,1,1,)
(184,8,1,0,)
(185,8,1,0,)
(186,8,0,0,)
(187,8,0,1,)
(188,8,0,1,)
(189,8,0,1,)
(190,8,1,1,)
(191,8,1,1,)
(192,8,1,1,)
(193,8,0,1,)
(194,8,1,1,)
(195,8,0,0,)
(196,8,1,0,)
(197,8,0,0,)
(198,8,0,1,)
(199,8,0,1,)
(150,9,0,1,)
(151,9,1,0,)
(152,9,1,0,)
(153,9,0,1,)
(154,9,0,0,)
(155,9,0,1,)
(156,9,0,1,)
(157,9,0,0,)
(158,9,1,1,)
(159,9,0,1,)
(160,9,0,0,)
(161,9,0,1,)
(162,9,0,0,)
(163,9,1,1,)
(164,9,0,1,)
(165,9,0,1,)
(166,9,1,1,)
(167,9,1,0,)
(168,9,1,1,)
(169,9,1,0,)
(170,9,1,0,)
(171,9,1,1,)
(172,9,0,0,)
(173,9,0,1,)
(174,9,0,1,)
(175,9,0,1,)
(176,9,1,1,)
(177,9,1,0,)
(178,9,0,1,)
(179,9,1,0,)
(180,9,0,1,)
(181,9,1,1,)
(182,9,1,0,)
(183,9,1,1,)
(184,9,1,0,)
(185,9,0,0,)
(186,9,1,0,)
(187,9,1,1,)
(188,9,1,1,)
(189,9,0,0,)
(190,9,1,0,)
(191,9,1,0,)
(192,9,0,1,)
(193,9,1,1,)
(194,9,0,0,)
(195,9,0,1,)
(196,9,1,1,)
(197,9,1,0,)
(198,9,1,1,)
(199,9,0,1,)
(150,10,1,0,)
(151,10,0,0,)
(152,10,0,0,)
(153,10,0,1,)
(154,10,1,1,)
(155,10,1,0,)
(156,10,1,1,)
(157,10,1,0,)
(158,10,0,1,)
(159,10,0,1,)
(160,10,1,1,)
(161,10,1,0,)
(162,10,0,1,)
(163,10,0,0,)
(164,10,1,0,)
(165,10,0,1,)
(166,10,0,1,)
(167,10,0,0,)
(168,10,1,1,)
(169,10,0,0,)
(170,10,0,1,)
(171,10,0,0,)
(172,10,0,1,)
(173,10,0,0,)
(174,10,1,0,)
(175,10,1,0,)
(176,10,0,1,)
(177,10,0,1,)
(178,10,1,0,)
(179,10,1,1,)
(180,10,1,0,)
(181,10,1,0,)
(182,10,1,0,)
(183,10,1,0,)
(184,10,1,0,)
(185,10,1,0,)
(186,10,0,0,)
(187,10,0,0,)
(188,10,1,1,)
(189,10,1,1,)
(190,10,0,0,)
(191,10,1,0,)
(192,10,0,0,)
(193,10,1,0,)
(194,10,0,1,)
(195,10,0,1,)
(196,10,1,0,)
(197,10,0,0,)
(198,10,0,0,)
(199,10,0,0,)
(150,11,0,0,)
(151,11,1,0,)
(152,11,1,0,)
(153,11,0,0,)
(154,11,1,1,)
(155,11,0,1,)
(156,11,0,0,)
(157,11,1,1,)
(158,11,1,1,)
(159,11,1,0,)
(160,11,0,0,)
(161,11,1,0,)
(162,11,1,1,)
(163,11,0,1,)
(164,11,0,0,)
(165,11,0,0,)
(166,11,1,0,)
(167,11,0,0,)
(168,11,1,0,)
(169,11,1,1,)
(170,11,0,0,)
(171,11,1,0,)
(172,11,1,0,)
(173,11,0,0,)
(174,11,1,0,)
(175,11,0,1,)
(176,11,0,1,)
(177,11,1,0,)
(178,11,1,0,)
(179,11,1,0,)
(180,11,0,1,)
(181,11,0,1,)
(182,11,1,0,)
(183,11,0,1,)
(184,11,0,1,)
(185,11,0,0,)
(186,11,1,0,)
(187,11,1,1,)
(188,11,0,1,)
(189,11,1,1,)
(190,11,1,0,)
(191,11,0,1,)
(192,11,1,1,)
(193,11,1,0,)
(194,11,0,0,)
(195,11,1,0,)
(196,11,0,0,)
(197,11,1,1,)
(198,11,0,1,)
(199,11,1,1,)
(150,12,0,0,)
(151,12,0,1,)
(152,12,1,1,)
(153,12,1,1,)
(154,12,1,1,)
(155,12,1,1,)
(156,12,0,0,)
(157,12,0,0,)
(158,12,1,0,)
(159,12,1,0,)
(160,12,1,0,)
(161,12,0,1,)
(162,12,1,0,)
(163,12,1,1,)
(164,12,1,1,)
(165,12,0,0,)
(166,12,1,0,)
(167,12,1,1,)
(168,12,0,0,)
(169,12,1,0,)
(170,12,1,1,)
(171,12,1,1,)
(172,12,0,0,)
(173,12,0,0,)
(174,12,0,1,)
(175,12,1,1,)
(176,12,1,0,)
(177,12,0,0,)
(178,12,1,1,)
(179,12,0,1,)
(180,12,1,0,)
(181,12,0,0,)
(182,12,0,1,)
(183,12,1,0,)
(184,12,1,0,)
(185,12,1,1,)
(186,12,1,0,)
(187,12,0,1,)
(188,12,0,0,)
(189,12,1,1,)
(190,12,0,1,)
(191,12,0,0,)
(192,12,0,1,)
(193,12,1,1,)
(194,12,1,0,)
(195,12,1,0,)
(196,12,0,1,)
(197,12,1,1,)
(198,12,0,0,)
(199,12,1,0,)
(150,13,0,0,)
(151,13,1,0,)
(152,13,1,0,)
(153,13,0,0,)
(154,13,1,1,)
(155,13,1,1,)
(156,13,1,1,)
(157,13,0,1,)
(158,13,1,0,)
(159,13,1,0,)
(160,13,0,0,)
(161,13,0,0,)
(162,13,1,1,)
(163,13,1,0,)
(164,13,0,1,)
(165,13,0,1,)
(166,13,0,1,)
(167,13,0,1,)
(168,13,0,0,)
(169,13,1,1,)
(170,13,1,1,)
(171,13,0,1,)
(172,13,1,0,)
(173,13,1,0,)
(174,13,0,0,)
(175,13,0,1,)
(176,13,0,0,)
(177,13,1,1,)
(178,13,1,1,)
(179,13,1,1,)
(180,13,0,1,)
(181,13,1,1,)
(182,13,0,1,)
(183,13,0,0,)
(184,13,1,0,)
(185,13,1,1,)
(186,13,0,1,)
(187,13,1,1,)
(188,13,0,1,)
(189,13,0,0,)
(190,13,0,0,)
(191,13,0,0,)
(192,13,0,1,)
(193,13,1,0,)
(194,13,0,0,)
(195,13,1,0,)
(196,13,0,0,)
(197,13,0,0,)
(198,13,0,1,)
(199,13,1,1,)
(150,14,0,1,)
(151,14,1,1,)
(152,14,1,0,)
(153,14,0,0,)
(154,14,0,1,)
(155,14,1,0,)
(156,14,0,1,)
(157,14,1,1,)
(158,14,0,0,)
(159,14,0,1,)
(160,14,1,0,)
(161,14,1,0,)
(162,14,1,1,)
(163,14,1,1,)
(164,14,1,0,)
(165,14,0,0,)
(166,14,0,1,)
(167,14,0,1,)
(168,14,1,1,)
(169,14,0,0,)
(170,14,1,0,)
(171,14,0,0,)
(172,14,0,0,)
(173,14,1,0,)
(174,14,1,0,)
(175,14,0,1,)
(176,14,0,1,)
(177,14,1,1,)
(178,14,0,1,)
(179,14,0,0,)
(180,14,1,0,)
(181,14,1,0,)
(182,14,0,1,)
(183,14,0,0,)
(184,14,1,1,)
(185,14,1,0,)
(186,14,0,1,)
(187,14,0,1,)
(188,14,1,0,)
(189,14,0,0,)
(190,14,0,1,)
(191,14,0,1,)
(192,14,0,1,)
(193,14,0,0,)
(194,14,1,1,)
(195,14,1,0,)
(196,14,1,1,)
(197,14,1,1,)
(198,14,0,0,)
(199,14,1,0,)
(150,15,0,1,)
(151,15,1,1,)
(152,15,0,0,)
(153,15,1,1,)
(154,15,1,0,)
(155,15,1,1,)
(156,15,0,0,)
(157,15,1,1,)
(158,15,0,1,)
(159,15,1,0,)
(160,15,1,0,)
(161,15,0,0,)
(162,15,0,0,)
(163,15,0,0,)
(164,15,0,1,)
(165,15,1,1,)
(166,15,0,0,)
(167,15,1,1,)
(168,15,0,1,)
(169,15,1,0,)
(170,15,1,0,)
(171,15,1,0,)
(172,15,1,1,)
(173,15,1,0,)
(174,15,0,1,)
(175,15,0,1,)
(176,15,1,0,)
(177,15,1,0,)
(178,15,1,0,)
(179,15,0,0,)
(180,15,1,1,)
(181,15,1,1,)
(182,15,1,1,)
(183,15,1,1,)
(184,15,0,1,)
(185,15,1,0,)
(186,15,0,1,)
(187,15,1,0,)
(188,15,1,1,)
(189,15,0,1,)
(190,15,1,1,)
(191,15,1,0,)
(192,15,1,0,)
(193,15,1,0,)
(194,15,0,1,)
(195,15,0,1,)
(196,15,0,1,)
(197,15,1,0,)
(198,15,0,0,)
(199,15,1,1,)
(150,16,0,1,)
(151,16,0,1,)
(152,16,0,0,)
(153,16,1,1,)
(154,16,0,0,)
(155,16,0,1,)
(156,16,1,1,)
(157,16,0,1,)
(158,16,0,1,)
(159,16,1,0,)
(160,16,1,1,)
(161,16,0,1,)
(162,16,0,0,)
(163,16,1,0,)
(164,16,0,0,)
(165,16,0,1,)
(166,16,1,1,)
(167,16,0,1,)
(168,16,0,0,)
(169,16,1,1,)
(170,16,0,1,)
(171,16,1,1,)
(172,16,1,0,)
(173,16,0,1,)
(174,16,1,0,)
(175,16,1,0,)
(176,16,0,1,)
(177,16,1,0,)
(178,16,0,0,)
(179,16,0,1,)
(180,16,1,0,)
(181,16,0,0,)
(182,16,0,1,)
(183,16,1,0,)
(184,16,1,0,)
(185,16,0,0,)
(186,16,1,1,)
(187,16,0,1,)
(188,16,0,0,)
(189,16,0,0,)
(190,16,0,1,)
(191,16,1,1,)
(192,16,1,1,)
(193,16,1,0,)
(194,16,0,0,)
(195,16,0,1,)
(196,16,0,1,)
(197,16,1,0,)
(198,16,0,0,)
(199,16,1,1,)
(150,17,1,1,)
(151,17,0,0,)
(152,17,0,0,)
(153,17,0,0,)
(154,17,0,0,)
(155,17,0,0,)
(156,17,0,0,)
(157,17,0,1,)
(158,17,0,0,)
(159,17,0,0,)
(160,17,0,1,)
(161,17,0,1,)
(162,17,0,0,)
(163,17,0,1,)
(164,17,1,0,)
(165,17,1,0,)
(166,17,1,0,)
(167,17,1,0,)
(168,17,0,1,)
(169,17,1,0,)
(170,17,0,0,)
(171,17,0,1,)
(172,17,0,1,)
(173,17,0,1,)
(174,17,0,1,)
(175,17,1,0,)
(176,17,1,0,)
(177,17,0,1,)
(178,17,1,0,)
(179,17,1,1,)
(180,17,1,0,)
(181,17,1,0,)
(182,17,0,1,)
(183,17,0,0,)
(184,17,0,0,)
(185,17,1,0,)
(186,17,1,1,)
(187,17,0,1,)
(188,17,0,0,)
(189,17,1,1,)
(190,17,0,1,)
(191,17,0,0,)
(192,17,0,0,)
(193,17,0,1,)
(194,17,0,0,)
(195,17,1,0,)
(196,17,0,1,)
(197,17,1,0,)
(198,17,0,1,)
(199,17,1,0,)
(150,18,0,0,)
(151,18,1,0,)
(152,18,1,0,)
(153,18,1,0,)
(154,18,0,0,)
(155,18,0,0,)
(156,18,1,1,)
(157,18,1,1,)
(158,18,1,0,)
(159,18,1,1,)
(160,18,0,0,)
(161,18,0,1,)
(162,18,0,0,)
(163,18,0,0,)
(164,18,1,1,)
(165,18,1,0,)
(166,18,0,1,)
(167,18,1,1,)
(168,18,1,0,)
(169,18,1,0,)
(170,18,1,1,)
(171,18,1,0,)
(172,18,1,1,)
(173,18,1,1,)
(174,18,1,1,)
(175,18,0,1,)
(176,18,1,1,)
(177,18,0,1,)
(178,18,1,0,)
(179,18,0,0,)
(180,18,0,0,)
(181,18,0,0,)
(182,18,1,0,)
(183,18,1,0,)
(184,18,0,0,)
(185,18,0,0,)
(186,18,0,0,)
(187,18,0,1,)
(188,18,0,0,)
(189,18,0,1,)
(190,18,1,1,)
(191,18,1,1,)
(192,18,0,0,)
(193,18,0,0,)
(194,18,1,0,)
(195,18,0,0,)
(196,18,0,1,)
(197,18,0,0,)
(198,18,0,0,)
(199,18,0,1,)
(150,19,0,1,)
(151,19,1,0,)
(152,19,0,1,)
(153,19,0,0,)
(154,19,1,0,)
(155,19,0,0,)
(156,19,1,1,)
(157,19,1,1,)
(158,19,0,0,)
(159,19,0,1,)
(160,19,0,1,)
(161,19,0,0,)
(162,19,0,1,)
(163,19,0,0,)
(164,19,0,0,)
(165,19,0,1,)
(166,19,0,0,)
(167,19,0,0,)
(168,19,1,0,)
(169,19,1,1,)
(170,19,1,0,)
(171,19,0,0,)
(172,19,0,0,)
(173,19,1,0,)
(174,19,1,0,)
(175,19,1,0,)
(176,19,0,1,)
(177,19,0,1,)
(178,19,1,1,)
(179,19,0,0,)
(180,19,0,1,)
(181,19,0,0,)
(182,19,0,1,)
(183,19,0,0,)
(184,19,0,1,)
(185,19,0,1,)
(186,19,1,0,)
(187,19,1,0,)
(188,19,1,1,)
(189,19,0,1,)
(190,19,1,1,)
(191,19,1,1,)
(192,19,0,1,)
(193,19,1,1,)
(194,19,1,0,)
(195,19,1,0,)
(196,19,0,1,)
(197,19,0,1,)
(198,19,1,1,)
(199,19,0,0,)
(150,20,0,0,)
(151,20,1,1,)
(152,20,1,1,)
(153,20,1,0,)
(154,20,0,1,)
(155,20,0,0,)
(156,20,1,0,)
(157,20,0,0,)
(158,20,1,1,)
(159,20,1,0,)
(160,20,0,1,)
(161,20,1,1,)
(162,20,0,1,)
(163,20,0,0,)
(164,20,0,1,)
(165,20,1,0,)
(166,20,1,0,)
(167,20,0,1,)
(168,20,1,0,)
(169,20,0,1,)
(170,20,1,1,)
(171,20,0,0,)
(172,20,0,0,)
(173,20,1,1,)
(174,20,0,1,)
(175,20,1,0,)
(176,20,1,0,)
(177,20,0,1,)
(178,20,1,1,)
(179,20,1,0,)
(180,20,1,0,)
(181,20,1,0,)
(182,20,0,0,)
(183,20,0,0,)
(184,20,1,0,)
(185,20,0,1,)
(186,20,1,0,)
(187,20,0,1,)
(188,20,1,0,)
(189,20,0,1,)
(190,20,1,0,)
(191,20,1,1,)
(192,20,1,0,)
(193,20,1,0,)
(194,20,0,1,)
(195,20,1,0,)
(196,20,1,1,)
(197,20,0,0,)
(198,20,1,1,)
(199,20,1,1,)
(150,21,1,0,)
(151,21,1,0,)
(152,21,1,1,)
(153,21,0,1,)
(154,21,0,0,)
(155,21,1,0,)
(156,21,0,1,)
(157,21,1,1,)
(158,21,0,0,)
(159,21,0,0,)
(160,21,1,0,)
(161,21,0,1,)
(162,21,0,1,)
(163,21,0,0,)
(164,21,1,1,)
(165,21,0,1,)
(166,21,1,0,)
(167,21,1,0,)
(168,21,0,1,)
(169,21,1,1,)
(170,21,1,1,)
(171,21,1,1,)
(172,21,0,0,)
(173,21,0,0,)
(174,21,1,1,)
(175,21,1,1,)
(176,21,1,1,)
(177,21,1,0,)
(178,21,1,1,)
(179,21,0,1,)
(180,21,1,1,)
(181,21,1,1,)
(182,21,1,1,)
(183,21,0,1,)
(184,21,0,0,)
(185,21,1,1,)
(186,21,0,0,)
(187,21,0,0,)
(188,21,0,1,)
(189,21,0,0,)
(190,21,1,0,)
(191,21,0,1,)
(192,21,0,0,)
(193,21,0,1,)
(194,21,1,0,)
(195,21,1,1,)
(196,21,1,0,)
(197,21,0,1,)
(198,21,1,0,)
(199,21,0,0,)
(150,22,0,1,)
(151,22,0,0,)
(152,22,0,0,)
(153,22,0,0,)
(154,22,1,1,)
(155,22,1,1,)
(156,22,0,0,)
(157,22,0,0,)
(158,22,1,1,)
(159,22,1,1,)
(160,22,0,1,)
(161,22,0,0,)
(162,22,1,1,)
(163,22,0,0,)
(164,22,1,0,)
(165,22,1,0,)
(166,22,1,1,)
(167,22,0,0,)
(168,22,1,0,)
(169,22,0,1,)
(170,22,1,0,)
(171,22,0,0,)
(172,22,0,0,)
(173,22,0,1,)
(174,22,1,1,)
(175,22,1,0,)
(176,22,1,0,)
(177,22,1,0,)
(178,22,0,1,)
(179,22,1,0,)
(180,22,0,1,)
(181,22,1,1,)
(182,22,1,1,)
(183,22,0,0,)
(184,22,1,1,)
(185,22,0,1,)
(186,22,1,1,)
(187,22,0,1,)
(188,22,0,0,)
(189,22,0,0,)
(190,22,0,1,)
(191,22,0,1,)
(192,22,1,0,)
(193,22,1,1,)
(194,22,1,0,)
(195,22,1,1,)
(196,22,1,1,)
(197,22,1,0,)
(198,22,1,0,)
(199,22,1,0,)
(150,23,0,0,)
(151,23,1,1,)
(152,23,0,1,)
(153,23,1,1,)
(154,23,0,1,)
(155,23,0,1,)
(156,23,1,1,)
(157,23,1,0,)
(158,23,0,0,)
(159,23,0,1,)
(160,23,1,1,)
(161,23,1,1,)
(162,23,1,0,)
(163,23,0,1,)
(164,23,1,1,)
(165,23,1,0,)
(166,23,1,1,)
(167,23,1,0,)
(168,23,0,1,)
(169,23,1,1,)
(170,23,0,0,)
(171,23,1,0,)
(172,23,1,0,)
(173,23,0,0,)
(174,23,1,1,)
(175,23,0,0,)
(176,23,1,0,)
(177,23,1,0,)
(178,23,0,0,)
(179,23,0,0,)
(180,23,0,1,)
(181,23,0,0,)
(182,23,0,1,)
(183,23,0,0,)
(184,23,0,0,)
(185,23,0,0,)
(186,23,0,0,)
(187,23,1,1,)
(188,23,1,0,)
(189,23,1,0,)
(190,23,1,0,)
(191,23,0,1,)
(192,23,1,0,)
(193,23,1,0,)
(194,23,1,0,)
(195,23,1,1,)
(196,23,1,0,)
(197,23,1,0,)
(198,23,1,0,)
(199,23,1,0,)
(150,24,0,1,)
(151,24,0,1,)
(152,24,1,0,)
(153,24,0,0,)
(154,24,1,1,)
(155,24,1,0,)
(156,24,0,1,)
(157,24,0,0,)
(158,24,1,1,)
(159,24,0,1,)
(160,24,0,0,)
(161,24,0,0,)
(162,24,0,1,)
(163,24,0,0,)
(164,24,0,0,)
(165,24,0,0,)
(166,24,0,1,)
(167,24,0,0,)
(168,24,1,1,)
(169,24,1,1,)
(170,24,1,1,)
(171,24,0,1,)
(172,24,1,1,)
(173,24,0,1,)
(174,24,0,0,)
(175,24,0,1,)
(176,24,1,1,)
(177,24,1,1,)
(178,24,1,0,)
(179,24,1,0,)
(180,24,0,0,)
(181,24,0,0,)
(182,24,1,0,)
(183,24,1,0,)
(184,24,1,0,)
(185,24,0,0,)
(186,24,0,1,)
(187,24,1,1,)
(188,24,0,0,)
(189,24,0,0,)
(190,24,1,0,)
(191,24,0,0,)
(192,24,0,0,)
(193,24,0,0,)
(194,24,1,0,)
(195,24,1,1,)
(196,24,0,1,)
(197,24,1,0,)
(198,24,1,1,)
(199,24,1,1,)
endBlock
end